The Length of SFC is: 12
SFCSourceID	SFCSinkID			The Nodes of the Path
1	19			1	2	3	6	7	9	13	12	11	10	14	19	
15	3			15	16	17	13	12	9	7	4	2	1	5	6	3	
19	5			19	20	21	16	17	13	12	9	7	4	2	1	5	
4	12			4	7	6	2	1	0	5	8	10	14	15	11	12	
1	3			1	0	5	10	14	19	20	15	11	8	6	3	
8	22			8	5	1	2	3	4	7	9	13	12	16	22	
0	8			0	1	2	4	3	6	7	9	13	12	11	8	
21	14			21	22	23	17	13	9	7	6	2	1	5	10	14	
10	0			10	14	19	20	21	22	16	12	9	8	5	0	
19	16			19	18	10	5	1	2	3	4	7	9	12	16	
10	0			10	14	19	20	21	22	16	12	9	8	5	0	
21	9			21	15	14	19	18	10	5	0	1	2	4	7	9	
20	7			20	15	14	10	11	8	5	0	1	2	4	7	
12	3			12	16	17	13	9	7	4	2	1	5	6	3	
10	22			10	5	1	2	3	4	7	6	8	9	12	16	22	
6	1			6	7	9	13	17	16	22	21	15	11	8	5	1	
22	7			22	21	15	14	19	18	10	11	8	5	6	7	
12	4			12	16	15	14	19	18	10	11	8	6	2	4	
3	14			3	2	1	0	5	6	7	9	13	12	11	10	14	
0	14			0	1	2	3	6	7	9	13	12	11	10	14	
19	22			19	18	10	5	1	2	4	7	9	12	16	22	
2	5			2	4	3	6	7	9	13	17	16	12	11	8	5	
11	23			11	10	5	1	2	3	4	7	9	13	17	23	
13	5			13	17	16	22	21	20	15	11	12	9	8	5	
3	14			3	2	1	0	5	6	7	9	13	12	11	10	14	
14	2			14	19	20	21	16	17	13	12	9	7	4	2	
6	9			6	2	1	0	5	10	14	19	20	15	11	8	9	
2	17			2	4	7	6	5	10	18	19	14	15	16	17	
4	23			4	7	6	2	1	0	5	8	9	13	17	23	
0	23			0	5	6	2	3	4	7	9	8	11	12	13	17	23	
12	3			12	16	17	13	9	7	4	2	1	5	6	3	
23	14			23	17	13	9	7	6	2	1	0	5	10	14	
8	18			8	9	7	6	2	1	0	5	10	11	15	14	19	18	
19	17			19	14	10	5	0	1	2	4	7	9	13	17	
19	23			19	14	10	5	0	1	2	4	7	9	13	17	23	
6	1			6	7	9	13	17	16	22	21	15	11	8	5	1	
8	13			8	5	1	2	3	4	7	9	12	11	15	16	17	13	
13	22			13	9	7	6	2	1	5	8	11	12	16	22	
20	22			20	19	18	10	5	1	2	4	7	9	12	16	22	
13	20			13	9	7	6	2	1	0	5	8	11	15	20	
16	22			16	12	9	7	6	2	1	5	8	11	15	21	22	
12	16			12	9	7	6	2	1	0	5	8	11	15	16	
12	22			12	9	7	6	2	1	5	8	11	15	16	22	
21	18			21	22	16	17	13	9	7	4	2	1	5	10	18	
13	5			13	17	16	22	21	20	15	11	12	9	8	5	
2	20			2	1	0	5	6	7	9	13	12	11	15	20	
18	21			18	10	5	1	2	3	4	7	9	12	16	21	
3	11			3	2	1	0	5	6	7	9	13	17	16	12	11	
0	20			0	1	2	3	6	7	9	13	12	11	15	20	
3	21			3	6	5	1	2	4	7	9	8	11	15	21	
11	0			11	12	16	17	13	9	7	4	3	2	1	0	
12	1			12	16	17	13	9	7	4	3	6	8	5	1	
18	11			18	19	14	10	5	1	2	4	3	6	8	11	
11	14			11	12	13	9	7	6	2	1	0	5	10	14	
6	3			6	8	11	15	21	22	16	12	9	7	4	3	
4	21			4	7	6	2	1	0	5	8	9	12	16	21	
2	13			2	1	0	5	6	3	4	7	9	8	11	12	13	
15	0			15	16	21	20	19	14	10	11	12	9	8	5	0	
14	17			14	10	5	1	2	3	4	7	6	8	9	13	17	
19	9			19	14	15	21	22	23	17	16	12	11	8	9	
19	5			19	20	21	16	17	13	12	9	7	4	2	1	5	
20	1			20	21	16	17	13	12	9	7	4	3	2	1	
22	16			22	23	17	13	9	7	6	2	1	5	8	11	12	16	
7	17			7	6	2	1	0	5	10	18	19	14	15	16	17	
3	6			3	4	2	1	0	5	10	14	15	11	8	6	
3	17			3	4	7	6	5	10	18	19	14	15	16	17	
17	9			17	16	22	21	20	19	14	15	11	10	8	9	
10	19			10	5	1	2	4	3	6	8	11	15	14	19	
19	6			19	20	21	16	17	13	12	9	7	4	2	6	
6	17			6	5	1	2	3	4	7	9	8	11	12	13	17	
15	22			15	14	10	5	1	2	4	7	9	12	16	22	
22	14			22	23	17	13	9	7	6	2	1	5	10	14	
13	17			13	9	7	6	2	1	5	8	11	12	16	17	
2	21			2	6	5	8	9	13	12	11	10	14	15	21	
16	19			16	17	13	9	7	6	2	1	5	10	14	19	
1	11			1	0	5	6	7	9	13	17	23	22	16	12	11	
7	16			7	6	2	1	0	5	8	10	18	19	14	15	16	
4	0			4	3	2	6	7	9	13	12	11	8	5	0	
9	6			9	13	17	16	22	21	20	19	14	10	5	6	
9	17			9	7	6	2	1	0	5	8	11	12	13	17	
6	14			6	2	4	7	9	13	12	11	8	5	10	14	
1	20			1	0	5	6	7	9	13	12	11	10	14	15	20	
8	6			8	11	15	16	17	13	12	9	7	4	2	6	
14	2			14	19	20	21	16	17	13	12	9	7	4	2	
12	15			12	9	7	6	2	1	0	5	8	10	11	15	
23	5			23	17	16	21	20	15	11	12	13	9	8	5	
23	0			23	17	16	21	20	15	11	12	9	8	5	0	
10	2			10	14	19	20	21	22	16	12	9	7	4	2	
19	6			19	20	21	16	17	13	12	9	7	4	2	6	
18	17			18	10	5	1	2	3	4	7	6	8	9	13	17	
20	3			20	19	14	15	16	22	23	17	13	9	7	4	3	
17	20			17	13	9	7	6	2	1	5	8	11	15	20	
12	17			12	11	10	5	1	2	3	4	7	9	13	17	
16	7			16	15	14	19	18	10	11	8	5	1	2	4	7	
13	6			13	17	16	22	21	20	19	14	15	11	8	6	
13	10			13	17	16	22	21	20	15	11	12	9	8	10	
4	13			4	2	1	0	5	6	7	9	8	11	12	13	
22	21			22	23	17	13	9	7	6	2	1	5	8	11	15	21	
6	13			6	2	1	0	5	10	14	19	20	15	11	12	13	
13	4			13	17	16	22	21	20	15	11	8	6	2	4	
10	11			10	5	1	2	4	3	6	7	9	13	12	11	
1	18			1	2	3	6	7	9	13	17	16	12	11	10	18	
9	7			9	13	17	16	22	21	20	15	11	8	6	7	
8	11			8	6	2	4	7	9	13	17	23	22	16	12	11	
21	10			21	22	16	17	13	9	7	4	2	1	5	10	
9	11			9	7	6	2	1	0	5	8	10	18	19	14	15	11	
7	11			7	6	2	1	0	5	8	9	13	17	16	12	11	
15	7			15	14	10	11	8	5	0	1	2	3	4	7	
9	6			9	13	17	16	22	21	20	19	14	10	5	6	
13	17			13	9	7	6	2	1	5	8	11	12	16	17	
6	2			6	8	11	15	16	17	13	12	9	7	4	2	
16	18			16	22	21	15	11	12	13	9	7	6	5	10	18	
8	19			8	9	7	6	2	1	0	5	10	11	15	14	19	
0	13			0	1	2	3	4	7	6	5	10	8	9	13	
8	17			8	5	1	2	3	4	7	9	12	11	15	16	17	
16	0			16	17	13	12	9	7	4	3	2	6	5	0	
11	16			11	8	5	1	2	3	4	7	9	13	12	16	
23	22			23	17	13	9	7	6	2	1	5	8	11	12	16	22	
7	17			7	6	2	1	0	5	10	18	19	14	15	16	17	
23	20			23	17	13	9	7	6	2	1	5	8	11	15	20	
0	18			0	1	2	3	6	7	9	13	12	11	10	18	
7	16			7	6	2	1	0	5	8	10	18	19	14	15	16	
13	20			13	9	7	6	2	1	0	5	8	11	15	20	
12	4			12	16	15	14	19	18	10	11	8	6	2	4	
5	13			5	1	2	3	4	7	6	8	10	11	12	13	
16	9			16	15	14	19	18	10	5	0	1	2	4	7	9	
21	7			21	15	14	19	18	10	11	8	5	1	2	4	7	
10	1			10	14	19	20	21	22	16	12	9	8	5	1	
18	17			18	10	5	1	2	3	4	7	6	8	9	13	17	
7	20			7	6	2	1	0	5	8	9	12	11	15	20	
3	14			3	2	1	0	5	6	7	9	13	12	11	10	14	
8	4			8	10	14	19	20	15	21	16	12	9	7	4	
11	8			11	15	16	17	13	12	9	7	4	2	6	8	
10	17			10	5	1	2	3	4	7	6	8	9	13	17	
9	11			9	7	6	2	1	0	5	8	10	18	19	14	15	11	
2	19			2	3	6	7	9	13	12	11	8	10	14	19	
20	19			20	21	22	23	17	13	9	7	6	5	10	14	19	
1	10			1	2	4	3	6	7	9	13	17	16	12	11	10	
12	3			12	16	17	13	9	7	4	2	1	5	6	3	
16	12			16	21	20	15	14	10	5	1	2	4	7	9	12	
20	0			20	21	16	17	13	12	9	7	4	2	1	0	
12	22			12	9	7	6	2	1	5	8	11	15	16	22	
21	4			21	15	14	19	18	10	11	8	5	1	2	4	
14	8			14	19	20	21	16	17	13	12	9	7	6	8	
18	23			18	10	5	1	2	3	4	7	9	13	17	23	
20	10			20	21	22	16	17	13	9	7	4	2	1	5	10	
6	4			6	5	10	14	19	20	15	11	8	9	7	4	
23	9			23	22	21	15	14	19	18	10	5	1	2	4	7	9	
9	7			9	13	17	16	22	21	20	15	11	8	6	7	
1	10			1	2	4	3	6	7	9	13	17	16	12	11	10	
9	0			9	13	17	16	22	21	20	15	11	8	5	0	
16	15			16	17	13	9	7	6	2	1	5	8	11	15	
15	11			15	21	22	16	17	13	9	7	4	2	6	8	11	
10	1			10	14	19	20	21	22	16	12	9	8	5	1	
13	0			13	17	16	22	21	20	15	11	12	9	8	5	0	
12	18			12	13	9	7	6	2	1	0	5	8	10	18	
20	15			20	19	18	10	5	1	2	4	3	6	8	11	15	
3	1			3	4	7	9	13	17	16	12	11	8	5	1	
16	22			16	12	9	7	6	2	1	5	8	11	15	21	22	
18	7			18	10	14	15	20	21	22	23	17	13	9	7	
14	7			14	15	21	22	23	17	16	12	11	8	6	7	
1	14			1	2	3	6	7	9	13	12	11	8	10	14	
4	22			4	7	6	2	1	0	5	8	9	12	16	22	
10	15			10	5	1	2	4	3	6	7	9	8	11	15	
18	16			18	10	5	1	2	3	4	7	6	8	9	12	16	
7	10			7	4	2	3	6	5	8	9	13	12	11	10	
13	2			13	17	16	22	21	20	19	14	10	5	1	2	
15	17			15	11	10	5	1	2	3	4	7	9	13	17	
23	14			23	17	13	9	7	6	2	1	0	5	10	14	
5	10			5	1	2	4	3	6	7	9	13	12	11	10	
21	3			21	16	17	13	12	9	7	4	2	1	5	6	3	
7	11			7	6	2	1	0	5	8	9	13	17	16	12	11	
0	23			0	5	6	2	3	4	7	9	8	11	12	13	17	23	
10	16			10	5	1	2	3	4	7	6	8	9	12	16	
2	5			2	4	3	6	7	9	13	17	16	12	11	8	5	
18	17			18	10	5	1	2	3	4	7	6	8	9	13	17	
3	4			3	6	5	10	14	19	20	15	11	8	9	7	4	
9	8			9	13	17	16	22	21	20	19	14	15	11	8	
11	22			11	8	5	1	2	3	4	7	9	12	16	22	
6	19			6	2	4	7	9	13	12	11	8	10	14	19	
17	18			17	13	9	7	6	2	1	0	5	8	10	18	
9	23			9	7	6	2	1	5	8	11	12	13	17	23	
23	17			23	22	21	20	19	14	10	5	8	9	13	17	
20	11			20	19	14	10	5	0	1	2	4	3	6	8	11	
12	21			12	9	7	6	2	1	0	5	8	11	15	21	
22	5			22	16	17	13	12	9	7	4	2	3	6	5	
23	6			23	17	16	21	20	19	14	15	11	12	9	7	6	
8	6			8	11	15	16	17	13	12	9	7	4	2	6	
17	19			17	13	9	7	6	2	1	0	5	10	14	19	
6	11			6	2	4	7	9	13	17	23	22	16	12	11	
21	12			21	20	15	14	10	5	0	1	2	4	7	9	12	
9	2			9	13	17	16	22	21	20	15	11	8	6	2	
20	11			20	19	14	10	5	0	1	2	4	3	6	8	11	
2	10			2	4	3	6	7	9	13	17	16	12	11	10	
23	14			23	17	13	9	7	6	2	1	0	5	10	14	
1	10			1	2	4	3	6	7	9	13	17	16	12	11	10	
10	15			10	5	1	2	4	3	6	7	9	8	11	15	
18	5			18	19	20	21	16	17	13	12	9	7	6	5	
8	20			8	6	2	4	7	9	13	12	11	10	14	15	20	
7	11			7	6	2	1	0	5	8	9	13	17	16	12	11	
3	10			3	4	2	1	0	5	6	7	9	13	12	11	10	
9	16			9	7	6	2	1	0	5	8	10	11	12	16	
6	12			6	5	1	2	3	4	7	9	8	10	11	12	
9	20			9	7	6	2	1	0	5	8	10	11	15	20	
11	0			11	12	16	17	13	9	7	4	3	2	1	0	
20	14			20	21	22	23	17	13	9	7	6	5	10	14	
17	4			17	16	22	21	20	19	14	10	5	1	2	4	
18	14			18	10	5	1	2	4	3	6	8	11	15	14	
14	12			14	10	5	1	2	3	4	7	6	8	9	12	
22	17			22	21	20	19	14	10	5	1	2	4	7	9	13	17	
21	1			21	16	17	13	12	9	7	4	3	6	2	1	
10	17			10	5	1	2	3	4	7	6	8	9	13	17	
20	18			20	21	22	16	17	13	9	7	6	5	10	18	
14	13			14	10	5	1	2	3	4	7	6	8	9	13	
10	22			10	5	1	2	3	4	7	6	8	9	12	16	22	
23	11			23	17	13	9	7	6	2	1	0	5	8	11	
23	5			23	17	16	21	20	15	11	12	13	9	8	5	
9	20			9	7	6	2	1	0	5	8	10	11	15	20	
4	3			4	7	9	13	17	16	22	21	15	11	8	6	3	
4	21			4	7	6	2	1	0	5	8	9	12	16	21	
16	8			16	17	13	12	9	7	4	2	1	0	5	8	
18	12			18	10	5	1	2	3	4	7	6	8	9	12	
5	21			5	1	2	3	4	7	6	8	9	12	16	21	
4	3			4	7	9	13	17	16	22	21	15	11	8	6	3	
8	12			8	5	1	2	3	4	7	9	13	17	16	12	
20	15			20	19	18	10	5	1	2	4	3	6	8	11	15	
9	22			9	7	6	2	1	0	5	8	11	12	16	22	
1	19			1	2	3	6	7	9	13	12	11	10	14	19	
13	22			13	9	7	6	2	1	5	8	11	12	16	22	
14	12			14	10	5	1	2	3	4	7	6	8	9	12	
23	17			23	22	21	20	19	14	10	5	8	9	13	17	
17	20			17	13	9	7	6	2	1	5	8	11	15	20	
22	6			22	16	17	13	12	9	7	4	2	1	5	6	
20	12			20	15	14	10	5	0	1	2	4	7	9	12	
8	15			8	6	2	4	7	9	13	12	11	10	14	15	
10	4			10	14	19	20	15	21	22	16	12	9	7	4	
20	5			20	21	16	17	13	12	9	7	4	2	1	5	
19	1			19	20	21	16	17	13	12	9	7	4	2	1	
3	18			3	2	1	0	5	6	7	9	13	12	11	10	18	
1	2			1	0	5	10	14	19	20	15	11	8	6	2	
19	17			19	14	10	5	0	1	2	4	7	9	13	17	
19	16			19	18	10	5	1	2	3	4	7	9	12	16	
20	3			20	19	14	15	16	22	23	17	13	9	7	4	3	
22	21			22	23	17	13	9	7	6	2	1	5	8	11	15	21	
5	18			5	1	2	4	3	6	7	9	13	12	11	10	18	
9	12			9	7	6	2	1	0	5	8	10	14	15	11	12	
4	7			4	2	1	0	5	10	14	15	11	8	6	7	
6	9			6	2	1	0	5	10	14	19	20	15	11	8	9	
20	8			20	19	14	15	16	22	23	17	13	12	9	8	
1	5			1	2	4	3	6	7	9	13	12	11	8	5	
19	0			19	20	21	16	17	13	12	9	7	6	5	0	
1	19			1	2	3	6	7	9	13	12	11	10	14	19	
16	7			16	15	14	19	18	10	11	8	5	1	2	4	7	
1	8			1	0	5	6	7	9	13	17	16	12	11	8	
18	12			18	10	5	1	2	3	4	7	6	8	9	12	
18	22			18	10	5	1	2	3	4	7	9	12	16	22	
20	15			20	19	18	10	5	1	2	4	3	6	8	11	15	
10	20			10	5	1	2	4	3	6	7	9	8	11	15	20	
18	17			18	10	5	1	2	3	4	7	6	8	9	13	17	
12	4			12	16	15	14	19	18	10	11	8	6	2	4	
8	17			8	5	1	2	3	4	7	9	12	11	15	16	17	
6	8			6	2	4	7	9	13	17	23	22	16	12	11	8	
22	7			22	21	15	14	19	18	10	11	8	5	6	7	
9	15			9	7	6	2	1	0	5	8	10	18	19	14	15	
6	13			6	2	1	0	5	10	14	19	20	15	11	12	13	
4	8			4	2	1	0	5	6	7	9	13	12	11	8	
2	21			2	6	5	8	9	13	12	11	10	14	15	21	
2	21			2	6	5	8	9	13	12	11	10	14	15	21	
19	17			19	14	10	5	0	1	2	4	7	9	13	17	
5	19			5	1	2	4	3	6	7	9	8	10	14	19	
19	4			19	14	15	21	22	23	17	16	12	9	7	4	
15	12			15	14	10	5	1	2	3	4	7	6	8	9	12	
11	0			11	12	16	17	13	9	7	4	3	2	1	0	
9	14			9	7	6	2	1	0	5	8	11	12	16	15	14	
4	13			4	2	1	0	5	6	7	9	8	11	12	13	
7	5			7	4	2	3	6	8	9	13	12	11	10	5	
2	16			2	4	7	6	5	8	10	18	19	14	15	16	
3	17			3	4	7	6	5	10	18	19	14	15	16	17	
23	18			23	22	16	12	13	9	7	4	2	1	5	10	18	
23	3			23	17	16	21	20	19	14	15	11	8	6	3	
17	5			17	16	22	21	20	15	11	12	13	9	8	5	
16	18			16	22	21	15	11	12	13	9	7	6	5	10	18	
12	21			12	9	7	6	2	1	0	5	8	11	15	21	
23	15			23	17	13	9	7	6	2	1	5	8	11	15	
9	21			9	7	6	2	1	0	5	8	10	11	15	21	
8	5			8	9	13	17	16	22	21	20	15	11	10	5	
12	19			12	13	9	7	6	2	1	0	5	10	14	19	
2	23			2	4	7	6	5	10	18	19	20	21	22	23	
3	14			3	2	1	0	5	6	7	9	13	12	11	10	14	
22	0			22	16	17	13	12	9	7	4	3	2	1	0	
18	17			18	10	5	1	2	3	4	7	6	8	9	13	17	
12	3			12	16	17	13	9	7	4	2	1	5	6	3	
14	19			14	10	5	1	2	4	3	6	8	11	15	20	19	
20	2			20	19	14	15	16	22	23	17	13	9	7	4	2	
3	2			3	4	7	9	13	17	16	12	11	8	6	2	
4	23			4	7	6	2	1	0	5	8	9	13	17	23	
3	22			3	4	7	6	5	8	10	18	19	20	21	22	
22	6			22	16	17	13	12	9	7	4	2	1	5	6	
17	19			17	13	9	7	6	2	1	0	5	10	14	19	
8	11			8	6	2	4	7	9	13	17	23	22	16	12	11	
9	4			9	13	17	16	22	21	15	11	8	6	2	4	
4	22			4	7	6	2	1	0	5	8	9	12	16	22	
14	8			14	19	20	21	16	17	13	12	9	7	6	8	
22	15			22	23	17	13	9	7	6	2	1	5	8	11	15	
15	20			15	11	8	6	2	4	7	9	12	16	21	20	
23	12			23	17	13	9	7	6	2	1	5	8	11	12	
7	18			7	6	2	1	0	5	8	9	12	11	10	18	
1	22			1	5	6	2	3	4	7	9	8	11	12	16	22	
3	12			3	4	7	6	5	8	10	18	19	14	15	11	12	
9	7			9	13	17	16	22	21	20	15	11	8	6	7	
13	19			13	9	7	6	2	1	0	5	8	10	14	19	
21	5			21	16	17	13	12	9	7	4	2	3	6	5	
8	7			8	10	14	19	20	15	21	22	16	12	9	7	
11	22			11	8	5	1	2	3	4	7	9	12	16	22	
7	4			7	9	13	17	16	22	21	15	11	8	6	2	4	
4	23			4	7	6	2	1	0	5	8	9	13	17	23	
20	5			20	21	16	17	13	12	9	7	4	2	1	5	
0	23			0	5	6	2	3	4	7	9	8	11	12	13	17	23	
10	3			10	14	19	20	21	22	16	12	9	7	4	3	
15	10			15	21	22	16	17	13	9	7	4	2	1	5	10	
5	22			5	1	2	3	4	7	6	8	9	12	16	22	
22	21			22	23	17	13	9	7	6	2	1	5	8	11	15	21	
7	14			7	6	2	1	0	5	8	9	12	11	10	14	
11	5			11	12	16	17	13	9	7	4	2	3	6	5	
8	4			8	10	14	19	20	15	21	16	12	9	7	4	
3	12			3	4	7	6	5	8	10	18	19	14	15	11	12	
9	22			9	7	6	2	1	0	5	8	11	12	16	22	
12	23			12	11	10	5	1	2	4	7	9	13	17	23	
15	0			15	16	21	20	19	14	10	11	12	9	8	5	0	
14	8			14	19	20	21	16	17	13	12	9	7	6	8	
12	1			12	16	17	13	9	7	4	3	6	8	5	1	
13	21			13	9	7	6	2	1	0	5	8	11	15	21	
5	4			5	10	14	19	20	15	21	16	12	9	7	4	
12	2			12	16	17	13	9	7	4	3	6	8	5	1	2	
22	8			22	16	17	13	12	9	7	4	2	1	5	8	
21	23			21	20	19	14	10	5	1	2	4	7	9	13	17	23	
22	23			22	21	20	19	14	10	5	8	9	13	17	23	
16	18			16	22	21	15	11	12	13	9	7	6	5	10	18	
2	10			2	4	3	6	7	9	13	17	16	12	11	10	
12	19			12	13	9	7	6	2	1	0	5	10	14	19	
18	7			18	10	14	15	20	21	22	23	17	13	9	7	
16	21			16	12	9	7	6	2	1	5	8	11	15	21	
14	13			14	10	5	1	2	3	4	7	6	8	9	13	
23	0			23	17	16	21	20	15	11	12	9	8	5	0	
14	5			14	15	16	21	20	19	18	10	11	12	9	8	5	
13	9			13	17	16	22	21	20	19	14	15	11	8	9	
18	9			18	10	14	15	20	21	22	23	17	16	12	9	
10	21			10	5	1	2	3	4	7	6	8	11	15	21	
17	21			17	13	9	7	6	2	1	5	8	11	15	21	
10	1			10	14	19	20	21	22	16	12	9	8	5	1	
13	11			13	17	16	22	21	20	19	14	10	5	8	11	
17	5			17	16	22	21	20	15	11	12	13	9	8	5	
16	2			16	17	13	12	9	7	4	3	6	8	5	1	2	
1	18			1	2	3	6	7	9	13	17	16	12	11	10	18	
1	18			1	2	3	6	7	9	13	17	16	12	11	10	18	
6	4			6	5	10	14	19	20	15	11	8	9	7	4	
18	1			18	19	20	21	16	17	13	12	9	8	5	1	
0	11			0	1	2	3	6	7	9	13	17	16	12	11	
13	16			13	9	7	6	2	1	0	5	8	11	12	16	
22	4			22	21	15	14	19	18	10	11	8	6	2	4	
5	0			5	10	14	19	20	15	11	8	6	2	1	0	
0	18			0	1	2	3	6	7	9	13	12	11	10	18	
23	15			23	17	13	9	7	6	2	1	5	8	11	15	
1	20			1	0	5	6	7	9	13	12	11	10	14	15	20	
5	13			5	1	2	3	4	7	6	8	10	11	12	13	
19	15			19	18	10	5	1	2	4	3	6	8	11	15	
17	16			17	13	9	7	6	2	1	5	8	11	12	16	
14	11			14	19	18	10	5	1	2	4	3	6	8	11	
12	2			12	16	17	13	9	7	4	3	6	8	5	1	2	
0	16			0	5	6	2	3	4	7	9	8	11	12	16	
10	6			10	14	19	20	21	22	23	17	13	9	7	6	
1	18			1	2	3	6	7	9	13	17	16	12	11	10	18	
15	19			15	11	12	13	9	7	6	2	1	5	10	14	19	
10	4			10	14	19	20	15	21	22	16	12	9	7	4	
0	5			0	1	2	4	3	6	7	9	13	12	11	8	5	
6	9			6	2	1	0	5	10	14	19	20	15	11	8	9	
16	22			16	12	9	7	6	2	1	5	8	11	15	21	22	
17	12			17	23	22	21	20	15	14	10	5	8	9	12	
21	23			21	20	19	14	10	5	1	2	4	7	9	13	17	23	
21	12			21	20	15	14	10	5	0	1	2	4	7	9	12	
3	22			3	4	7	6	5	8	10	18	19	20	21	22	
18	15			18	10	5	1	2	4	3	6	7	9	8	11	15	
5	19			5	1	2	4	3	6	7	9	8	10	14	19	
10	7			10	14	19	20	15	21	22	23	17	13	9	7	
12	0			12	16	17	13	9	7	4	3	2	6	5	0	
2	20			2	1	0	5	6	7	9	13	12	11	15	20	
11	18			11	12	13	9	7	6	2	1	0	5	10	18	
4	0			4	3	2	6	7	9	13	12	11	8	5	0	
11	0			11	12	16	17	13	9	7	4	3	2	1	0	
16	9			16	15	14	19	18	10	5	0	1	2	4	7	9	
15	10			15	21	22	16	17	13	9	7	4	2	1	5	10	
12	16			12	9	7	6	2	1	0	5	8	11	15	16	
15	16			15	14	10	5	1	2	3	4	7	9	12	16	
4	5			4	2	3	6	7	9	13	17	16	12	11	8	5	
9	10			9	7	4	2	3	6	5	8	11	12	16	15	14	10	
10	1			10	14	19	20	21	22	16	12	9	8	5	1	
20	23			20	19	14	10	5	1	2	4	7	9	13	17	23	
18	7			18	10	14	15	20	21	22	23	17	13	9	7	
23	4			23	22	21	15	14	19	18	10	5	1	2	4	
2	23			2	4	7	6	5	10	18	19	20	21	22	23	
2	6			2	1	0	5	10	14	19	20	15	11	8	6	
16	1			16	17	13	12	9	7	4	3	6	8	5	1	
6	22			6	5	1	2	3	4	7	9	8	11	12	16	22	
23	8			23	17	16	21	20	19	14	15	11	12	9	8	
19	1			19	20	21	16	17	13	12	9	7	4	2	1	
2	20			2	1	0	5	6	7	9	13	12	11	15	20	
23	4			23	22	21	15	14	19	18	10	5	1	2	4	
10	3			10	14	19	20	21	22	16	12	9	7	4	3	
5	2			5	10	14	19	20	21	22	16	12	9	7	4	2	
7	21			7	6	2	1	0	5	8	9	13	12	16	21	
21	6			21	16	17	13	12	9	7	4	2	1	5	6	
20	3			20	19	14	15	16	22	23	17	13	9	7	4	3	
7	5			7	4	2	3	6	8	9	13	12	11	10	5	
18	7			18	10	14	15	20	21	22	23	17	13	9	7	
15	11			15	21	22	16	17	13	9	7	4	2	6	8	11	
1	20			1	0	5	6	7	9	13	12	11	10	14	15	20	
21	7			21	15	14	19	18	10	11	8	5	1	2	4	7	
1	8			1	0	5	6	7	9	13	17	16	12	11	8	
9	18			9	7	6	2	1	0	5	8	11	15	14	10	18	
13	12			13	17	23	22	21	20	15	14	10	5	8	9	12	
17	1			17	16	22	21	20	15	11	12	9	8	5	1	
18	1			18	19	20	21	16	17	13	12	9	8	5	1	
8	23			8	5	1	2	3	4	7	9	12	13	17	23	
17	23			17	13	9	7	6	2	1	5	8	11	12	16	22	23	
1	19			1	2	3	6	7	9	13	12	11	10	14	19	
4	22			4	7	6	2	1	0	5	8	9	12	16	22	
16	23			16	12	11	10	5	1	2	4	7	9	13	17	23	
18	3			18	19	20	21	16	17	13	12	9	7	4	3	
10	17			10	5	1	2	3	4	7	6	8	9	13	17	
19	1			19	20	21	16	17	13	12	9	7	4	2	1	
4	22			4	7	6	2	1	0	5	8	9	12	16	22	
22	18			22	16	17	13	9	7	4	2	1	5	10	18	
15	4			15	14	10	11	8	5	0	1	2	6	3	4	
10	23			10	5	1	2	3	4	7	6	8	9	13	17	23	
3	18			3	2	1	0	5	6	7	9	13	12	11	10	18	
8	18			8	9	7	6	2	1	0	5	10	11	15	14	19	18	
19	12			19	14	10	5	0	1	2	3	4	7	9	12	
10	8			10	14	19	20	21	22	23	17	16	12	9	8	
8	22			8	5	1	2	3	4	7	9	13	12	16	22	
12	15			12	9	7	6	2	1	0	5	8	10	11	15	
7	19			7	6	2	1	0	5	8	9	12	11	10	14	19	
6	5			6	3	4	7	9	13	17	16	12	11	8	5	
7	13			7	6	2	1	0	5	10	18	19	14	15	11	12	13	
23	14			23	17	13	9	7	6	2	1	0	5	10	14	
12	23			12	11	10	5	1	2	4	7	9	13	17	23	
9	8			9	13	17	16	22	21	20	19	14	15	11	8	
7	23			7	6	2	1	0	5	10	8	9	13	17	23	
2	3			2	1	0	5	10	14	19	20	15	11	8	6	3	
10	6			10	14	19	20	21	22	23	17	13	9	7	6	
10	21			10	5	1	2	3	4	7	6	8	11	15	21	
2	18			2	3	6	7	9	13	17	16	12	11	10	18	
19	9			19	14	15	21	22	23	17	16	12	11	8	9	
22	15			22	23	17	13	9	7	6	2	1	5	8	11	15	
7	6			7	4	2	1	0	5	10	14	15	11	8	6	
0	4			0	5	10	14	19	20	15	11	8	6	2	4	
9	1			9	13	17	16	22	21	20	15	11	8	5	1	
22	12			22	23	17	13	9	7	6	2	1	5	8	11	12	
2	4			2	1	0	5	10	14	15	11	8	6	3	4	
2	16			2	4	7	6	5	8	10	18	19	14	15	16	
13	23			13	9	7	6	2	1	5	8	11	12	16	17	23	
2	23			2	4	7	6	5	10	18	19	20	21	22	23	
19	5			19	20	21	16	17	13	12	9	7	4	2	1	5	
4	22			4	7	6	2	1	0	5	8	9	12	16	22	
23	17			23	22	21	20	19	14	10	5	8	9	13	17	
2	4			2	1	0	5	10	14	15	11	8	6	3	4	
9	14			9	7	6	2	1	0	5	8	11	12	16	15	14	
15	16			15	14	10	5	1	2	3	4	7	9	12	16	
19	1			19	20	21	16	17	13	12	9	7	4	2	1	
16	15			16	17	13	9	7	6	2	1	5	8	11	15	
4	8			4	2	1	0	5	6	7	9	13	12	11	8	
1	21			1	5	6	2	3	4	7	9	8	11	15	21	
0	13			0	1	2	3	4	7	6	5	10	8	9	13	
15	16			15	14	10	5	1	2	3	4	7	9	12	16	
22	0			22	16	17	13	12	9	7	4	3	2	1	0	
3	12			3	4	7	6	5	8	10	18	19	14	15	11	12	
9	16			9	7	6	2	1	0	5	8	10	11	12	16	
14	16			14	10	5	1	2	3	4	7	6	8	9	12	16	
6	10			6	3	4	2	1	0	5	8	9	12	11	10	
13	23			13	9	7	6	2	1	5	8	11	12	16	17	23	
12	9			12	16	15	14	19	18	10	5	1	2	4	7	9	
17	6			17	16	22	21	20	19	14	15	11	12	9	7	6	
7	13			7	6	2	1	0	5	10	18	19	14	15	11	12	13	
18	23			18	10	5	1	2	3	4	7	9	13	17	23	
1	5			1	2	4	3	6	7	9	13	12	11	8	5	
19	22			19	18	10	5	1	2	4	7	9	12	16	22	
6	14			6	2	4	7	9	13	12	11	8	5	10	14	
5	23			5	1	2	3	4	7	6	8	9	13	17	23	
8	20			8	6	2	4	7	9	13	12	11	10	14	15	20	
13	9			13	17	16	22	21	20	19	14	15	11	8	9	
14	15			14	10	5	1	2	4	3	6	7	9	8	11	15	
16	13			16	21	20	15	14	10	5	1	2	4	7	9	13	
18	13			18	10	14	15	20	21	22	16	12	11	8	9	13	
21	13			21	20	15	14	10	5	0	1	2	4	7	9	13	
11	23			11	10	5	1	2	3	4	7	9	13	17	23	
20	12			20	15	14	10	5	0	1	2	4	7	9	12	
7	12			7	6	2	1	0	5	8	10	18	19	14	15	11	12	
7	10			7	4	2	3	6	5	8	9	13	12	11	10	
1	8			1	0	5	6	7	9	13	17	16	12	11	8	
20	5			20	21	16	17	13	12	9	7	4	2	1	5	
5	3			5	0	1	2	4	7	9	13	12	11	8	6	3	
10	0			10	14	19	20	21	22	16	12	9	8	5	0	
10	13			10	14	19	20	15	21	22	16	12	11	8	9	13	
13	4			13	17	16	22	21	20	15	11	8	6	2	4	
0	12			0	5	6	2	3	4	7	9	8	10	11	12	
4	6			4	2	1	0	5	10	14	19	20	15	11	8	6	
20	14			20	21	22	23	17	13	9	7	6	5	10	14	
9	10			9	7	4	2	3	6	5	8	11	12	16	15	14	10	
19	17			19	14	10	5	0	1	2	4	7	9	13	17	
17	14			17	13	9	7	6	2	1	0	5	8	10	14	
20	13			20	15	14	10	5	0	1	2	4	7	9	13	
17	1			17	16	22	21	20	15	11	12	9	8	5	1	
13	3			13	17	16	22	21	20	19	14	10	5	6	3	
17	14			17	13	9	7	6	2	1	0	5	8	10	14	
2	18			2	3	6	7	9	13	17	16	12	11	10	18	
6	1			6	7	9	13	17	16	22	21	15	11	8	5	1	
9	0			9	13	17	16	22	21	20	15	11	8	5	0	
13	22			13	9	7	6	2	1	5	8	11	12	16	22	
18	22			18	10	5	1	2	3	4	7	9	12	16	22	
21	17			21	20	19	14	10	5	1	2	4	7	9	13	17	
7	16			7	6	2	1	0	5	8	10	18	19	14	15	16	
2	7			2	1	0	5	10	14	19	20	15	11	8	6	7	
17	21			17	13	9	7	6	2	1	5	8	11	15	21	
12	1			12	16	17	13	9	7	4	3	6	8	5	1	
2	21			2	6	5	8	9	13	12	11	10	14	15	21	
0	18			0	1	2	3	6	7	9	13	12	11	10	18	
11	14			11	12	13	9	7	6	2	1	0	5	10	14	
0	18			0	1	2	3	6	7	9	13	12	11	10	18	
18	0			18	19	20	21	16	17	13	12	9	8	5	0	
4	12			4	7	6	2	1	0	5	8	10	14	15	11	12	
2	1			2	4	3	6	7	9	13	12	11	8	5	1	
19	10			19	20	21	22	16	17	13	9	7	6	5	10	
0	20			0	1	2	3	6	7	9	13	12	11	15	20	
13	18			13	9	7	6	2	1	0	5	8	11	10	18	
14	7			14	15	21	22	23	17	16	12	11	8	6	7	
15	23			15	14	10	5	1	2	4	7	9	13	17	23	
0	19			0	1	2	3	6	7	9	13	12	11	10	14	19	
3	10			3	4	2	1	0	5	6	7	9	13	12	11	10	
5	10			5	1	2	4	3	6	7	9	13	12	11	10	
18	16			18	10	5	1	2	3	4	7	6	8	9	12	16	
17	15			17	13	9	7	6	2	1	0	5	8	11	15	
20	22			20	19	18	10	5	1	2	4	7	9	12	16	22	
13	5			13	17	16	22	21	20	15	11	12	9	8	5	
11	23			11	10	5	1	2	3	4	7	9	13	17	23	
3	10			3	4	2	1	0	5	6	7	9	13	12	11	10	
7	14			7	6	2	1	0	5	8	9	12	11	10	14	
9	16			9	7	6	2	1	0	5	8	10	11	12	16	
0	9			0	1	2	3	4	7	6	5	10	14	15	11	8	9	
3	14			3	2	1	0	5	6	7	9	13	12	11	10	14	
13	5			13	17	16	22	21	20	15	11	12	9	8	5	
1	3			1	0	5	10	14	19	20	15	11	8	6	3	
6	10			6	3	4	2	1	0	5	8	9	12	11	10	
2	5			2	4	3	6	7	9	13	17	16	12	11	8	5	
6	2			6	8	11	15	16	17	13	12	9	7	4	2	
12	15			12	9	7	6	2	1	0	5	8	10	11	15	
0	14			0	1	2	3	6	7	9	13	12	11	10	14	
22	13			22	21	20	15	14	10	5	1	2	4	7	9	13	
1	13			1	0	5	6	2	3	4	7	9	8	11	12	13	
1	20			1	0	5	6	7	9	13	12	11	10	14	15	20	
23	12			23	17	13	9	7	6	2	1	5	8	11	12	
18	14			18	10	5	1	2	4	3	6	8	11	15	14	
7	12			7	6	2	1	0	5	8	10	18	19	14	15	11	12	
23	22			23	17	13	9	7	6	2	1	5	8	11	12	16	22	
23	14			23	17	13	9	7	6	2	1	0	5	10	14	
16	3			16	17	13	12	9	7	4	2	1	5	6	3	
3	13			3	2	1	0	5	6	7	9	8	11	12	13	
15	10			15	21	22	16	17	13	9	7	4	2	1	5	10	
1	13			1	0	5	6	2	3	4	7	9	8	11	12	13	
22	15			22	23	17	13	9	7	6	2	1	5	8	11	15	
16	23			16	12	11	10	5	1	2	4	7	9	13	17	23	
23	14			23	17	13	9	7	6	2	1	0	5	10	14	
20	16			20	19	18	10	5	1	2	4	7	9	12	16	
18	4			18	10	14	15	20	21	22	16	12	9	7	4	
5	0			5	10	14	19	20	15	11	8	6	2	1	0	
1	15			1	0	5	6	7	9	13	12	11	8	10	14	15	
17	12			17	23	22	21	20	15	14	10	5	8	9	12	
2	5			2	4	3	6	7	9	13	17	16	12	11	8	5	
3	10			3	4	2	1	0	5	6	7	9	13	12	11	10	
20	3			20	19	14	15	16	22	23	17	13	9	7	4	3	
0	12			0	5	6	2	3	4	7	9	8	10	11	12	
18	3			18	19	20	21	16	17	13	12	9	7	4	3	
10	22			10	5	1	2	3	4	7	6	8	9	12	16	22	
22	21			22	23	17	13	9	7	6	2	1	5	8	11	15	21	
14	11			14	19	18	10	5	1	2	4	3	6	8	11	
4	3			4	7	9	13	17	16	22	21	15	11	8	6	3	
16	12			16	21	20	15	14	10	5	1	2	4	7	9	12	
20	22			20	19	18	10	5	1	2	4	7	9	12	16	22	
19	10			19	20	21	22	16	17	13	9	7	6	5	10	
17	2			17	16	22	21	20	19	14	15	11	8	6	2	
12	15			12	9	7	6	2	1	0	5	8	10	11	15	
18	11			18	19	14	10	5	1	2	4	3	6	8	11	
15	4			15	14	10	11	8	5	0	1	2	6	3	4	
5	11			5	1	2	4	3	6	7	9	13	17	16	12	11	
6	22			6	5	1	2	3	4	7	9	8	11	12	16	22	
19	9			19	14	15	21	22	23	17	16	12	11	8	9	
19	6			19	20	21	16	17	13	12	9	7	4	2	6	
0	17			0	5	6	2	3	4	7	9	8	11	12	13	17	
23	9			23	22	21	15	14	19	18	10	5	1	2	4	7	9	
20	23			20	19	14	10	5	1	2	4	7	9	13	17	23	
7	17			7	6	2	1	0	5	10	18	19	14	15	16	17	
0	14			0	1	2	3	6	7	9	13	12	11	10	14	
20	9			20	15	14	10	5	0	1	2	3	4	7	9	
7	13			7	6	2	1	0	5	10	18	19	14	15	11	12	13	
18	20			18	10	5	1	2	4	3	6	8	11	15	20	
3	0			3	4	7	9	13	17	16	12	11	8	5	0	
16	8			16	17	13	12	9	7	4	2	1	0	5	8	
17	6			17	16	22	21	20	19	14	15	11	12	9	7	6	
13	19			13	9	7	6	2	1	0	5	8	10	14	19	
21	9			21	15	14	19	18	10	5	0	1	2	4	7	9	
22	7			22	21	15	14	19	18	10	11	8	5	6	7	
18	15			18	10	5	1	2	4	3	6	7	9	8	11	15	
17	3			17	16	22	21	20	19	14	15	11	8	6	3	
5	20			5	1	2	4	3	6	7	9	8	11	15	20	
0	13			0	1	2	3	4	7	6	5	10	8	9	13	
2	16			2	4	7	6	5	8	10	18	19	14	15	16	
0	1			0	5	10	14	19	20	15	11	8	6	2	1	
9	3			9	13	17	16	22	21	20	15	11	8	6	3	
7	16			7	6	2	1	0	5	8	10	18	19	14	15	16	
4	12			4	7	6	2	1	0	5	8	10	14	15	11	12	
3	19			3	2	1	0	5	6	7	9	8	10	14	19	
20	18			20	21	22	16	17	13	9	7	6	5	10	18	
3	10			3	4	2	1	0	5	6	7	9	13	12	11	10	
5	10			5	1	2	4	3	6	7	9	13	12	11	10	
12	23			12	11	10	5	1	2	4	7	9	13	17	23	
8	0			8	9	13	17	16	22	21	15	11	10	5	0	
3	12			3	4	7	6	5	8	10	18	19	14	15	11	12	
20	13			20	15	14	10	5	0	1	2	4	7	9	13	
0	23			0	5	6	2	3	4	7	9	8	11	12	13	17	23	
21	3			21	16	17	13	12	9	7	4	2	1	5	6	3	
23	13			23	22	21	20	15	14	10	5	1	2	4	7	9	13	
13	12			13	17	23	22	21	20	15	14	10	5	8	9	12	
7	3			7	9	13	17	16	22	21	15	11	8	6	3	
13	10			13	17	16	22	21	20	15	11	12	9	8	10	
20	22			20	19	18	10	5	1	2	4	7	9	12	16	22	
20	15			20	19	18	10	5	1	2	4	3	6	8	11	15	
4	13			4	2	1	0	5	6	7	9	8	11	12	13	
17	19			17	13	9	7	6	2	1	0	5	10	14	19	
14	4			14	15	21	22	23	17	16	12	11	8	6	2	4	
2	8			2	4	3	6	7	9	13	17	16	12	11	8	
0	23			0	5	6	2	3	4	7	9	8	11	12	13	17	23	
14	15			14	10	5	1	2	4	3	6	7	9	8	11	15	
18	17			18	10	5	1	2	3	4	7	6	8	9	13	17	
6	15			6	2	4	7	9	13	12	11	8	10	14	15	
13	9			13	17	16	22	21	20	19	14	15	11	8	9	
15	20			15	11	8	6	2	4	7	9	12	16	21	20	
11	12			11	10	5	1	2	3	4	7	6	8	9	12	
9	7			9	13	17	16	22	21	20	15	11	8	6	7	
11	8			11	15	16	17	13	12	9	7	4	2	6	8	
22	4			22	21	15	14	19	18	10	11	8	6	2	4	
20	7			20	15	14	10	11	8	5	0	1	2	4	7	
9	17			9	7	6	2	1	0	5	8	11	12	13	17	
14	11			14	19	18	10	5	1	2	4	3	6	8	11	
10	20			10	5	1	2	4	3	6	7	9	8	11	15	20	
17	7			17	16	22	21	20	19	14	15	11	8	6	7	
13	16			13	9	7	6	2	1	0	5	8	11	12	16	
12	8			12	16	17	13	9	7	4	2	1	0	5	8	
2	1			2	4	3	6	7	9	13	12	11	8	5	1	
9	16			9	7	6	2	1	0	5	8	10	11	12	16	
21	11			21	22	16	17	13	9	7	4	2	6	8	11	
3	22			3	4	7	6	5	8	10	18	19	20	21	22	
21	16			21	20	19	18	10	5	1	2	4	7	9	12	16	
23	11			23	17	13	9	7	6	2	1	0	5	8	11	
16	6			16	17	13	12	9	7	4	2	1	0	5	6	
21	5			21	16	17	13	12	9	7	4	2	3	6	5	
17	12			17	23	22	21	20	15	14	10	5	8	9	12	
14	3			14	19	20	21	16	17	13	12	9	7	4	3	
22	12			22	23	17	13	9	7	6	2	1	5	8	11	12	
12	23			12	11	10	5	1	2	4	7	9	13	17	23	
9	12			9	7	6	2	1	0	5	8	10	14	15	11	12	
13	6			13	17	16	22	21	20	19	14	15	11	8	6	
20	3			20	19	14	15	16	22	23	17	13	9	7	4	3	
9	0			9	13	17	16	22	21	20	15	11	8	5	0	
15	7			15	14	10	11	8	5	0	1	2	3	4	7	
11	23			11	10	5	1	2	3	4	7	9	13	17	23	
15	8			15	16	17	13	12	9	7	4	2	1	5	8	
13	2			13	17	16	22	21	20	19	14	10	5	1	2	
13	11			13	17	16	22	21	20	19	14	10	5	8	11	
20	8			20	19	14	15	16	22	23	17	13	12	9	8	
13	17			13	9	7	6	2	1	5	8	11	12	16	17	
19	15			19	18	10	5	1	2	4	3	6	8	11	15	
0	10			0	1	2	4	3	6	7	9	13	12	11	10	
18	12			18	10	5	1	2	3	4	7	6	8	9	12	
15	13			15	14	10	5	1	2	3	4	7	6	8	9	13	
23	14			23	17	13	9	7	6	2	1	0	5	10	14	
2	12			2	4	7	6	5	8	10	18	19	14	15	11	12	
20	22			20	19	18	10	5	1	2	4	7	9	12	16	22	
7	17			7	6	2	1	0	5	10	18	19	14	15	16	17	
19	21			19	18	10	5	1	2	3	6	8	11	15	21	
4	0			4	3	2	6	7	9	13	12	11	8	5	0	
10	22			10	5	1	2	3	4	7	6	8	9	12	16	22	
1	8			1	0	5	6	7	9	13	17	16	12	11	8	
17	13			17	23	22	21	20	15	14	10	5	8	9	13	
1	10			1	2	4	3	6	7	9	13	17	16	12	11	10	
3	1			3	4	7	9	13	17	16	12	11	8	5	1	
21	4			21	15	14	19	18	10	11	8	5	1	2	4	
0	20			0	1	2	3	6	7	9	13	12	11	15	20	
1	21			1	5	6	2	3	4	7	9	8	11	15	21	
18	17			18	10	5	1	2	3	4	7	6	8	9	13	17	
20	0			20	21	16	17	13	12	9	7	4	2	1	0	
13	7			13	17	16	22	21	20	19	14	10	5	6	7	
15	5			15	16	21	20	19	14	10	11	12	9	8	5	
17	23			17	13	9	7	6	2	1	5	8	11	12	16	22	23	
6	14			6	2	4	7	9	13	12	11	8	5	10	14	
7	22			7	6	2	1	0	5	8	10	11	12	16	22	
18	9			18	10	14	15	20	21	22	23	17	16	12	9	
8	0			8	9	13	17	16	22	21	15	11	10	5	0	
22	9			22	21	15	14	19	18	10	5	1	2	4	7	9	
4	3			4	7	9	13	17	16	22	21	15	11	8	6	3	
4	13			4	2	1	0	5	6	7	9	8	11	12	13	
6	4			6	5	10	14	19	20	15	11	8	9	7	4	
13	6			13	17	16	22	21	20	19	14	15	11	8	6	
23	1			23	17	16	21	20	15	11	12	9	8	5	1	
3	10			3	4	2	1	0	5	6	7	9	13	12	11	10	
7	20			7	6	2	1	0	5	8	9	12	11	15	20	
23	0			23	17	16	21	20	15	11	12	9	8	5	0	
8	14			8	9	7	6	2	1	0	5	10	11	15	14	
8	0			8	9	13	17	16	22	21	15	11	10	5	0	
23	11			23	17	13	9	7	6	2	1	0	5	8	11	
23	1			23	17	16	21	20	15	11	12	9	8	5	1	
10	9			10	14	19	20	15	21	22	23	17	16	12	9	
12	18			12	13	9	7	6	2	1	0	5	8	10	18	
19	14			19	18	10	5	1	2	4	3	6	8	11	15	14	
23	17			23	22	21	20	19	14	10	5	8	9	13	17	
12	17			12	11	10	5	1	2	3	4	7	9	13	17	
6	11			6	2	4	7	9	13	17	23	22	16	12	11	
12	9			12	16	15	14	19	18	10	5	1	2	4	7	9	
6	19			6	2	4	7	9	13	12	11	8	10	14	19	
9	4			9	13	17	16	22	21	15	11	8	6	2	4	
22	23			22	21	20	19	14	10	5	8	9	13	17	23	
17	5			17	16	22	21	20	15	11	12	13	9	8	5	
21	14			21	22	23	17	13	9	7	6	2	1	5	10	14	
22	17			22	21	20	19	14	10	5	1	2	4	7	9	13	17	
23	17			23	22	21	20	19	14	10	5	8	9	13	17	
13	14			13	9	7	6	2	1	0	5	8	11	10	14	
6	9			6	2	1	0	5	10	14	19	20	15	11	8	9	
17	21			17	13	9	7	6	2	1	5	8	11	15	21	
22	23			22	21	20	19	14	10	5	8	9	13	17	23	
0	13			0	1	2	3	4	7	6	5	10	8	9	13	
19	16			19	18	10	5	1	2	3	4	7	9	12	16	
1	2			1	0	5	10	14	19	20	15	11	8	6	2	
20	23			20	19	14	10	5	1	2	4	7	9	13	17	23	
4	23			4	7	6	2	1	0	5	8	9	13	17	23	
12	2			12	16	17	13	9	7	4	3	6	8	5	1	2	
23	20			23	17	13	9	7	6	2	1	5	8	11	15	20	
0	11			0	1	2	3	6	7	9	13	17	16	12	11	
2	11			2	1	0	5	6	7	9	13	17	16	12	11	
4	8			4	2	1	0	5	6	7	9	13	12	11	8	
8	11			8	6	2	4	7	9	13	17	23	22	16	12	11	
10	0			10	14	19	20	21	22	16	12	9	8	5	0	
9	3			9	13	17	16	22	21	20	15	11	8	6	3	
2	17			2	4	7	6	5	10	18	19	14	15	16	17	
7	18			7	6	2	1	0	5	8	9	12	11	10	18	
6	16			6	5	1	2	3	4	7	9	8	11	12	16	
1	21			1	5	6	2	3	4	7	9	8	11	15	21	
13	11			13	17	16	22	21	20	19	14	10	5	8	11	
4	13			4	2	1	0	5	6	7	9	8	11	12	13	
15	11			15	21	22	16	17	13	9	7	4	2	6	8	11	
23	9			23	22	21	15	14	19	18	10	5	1	2	4	7	9	
11	17			11	10	5	1	2	3	4	7	6	8	9	13	17	
4	17			4	7	6	2	1	0	5	10	8	9	13	17	
9	23			9	7	6	2	1	5	8	11	12	13	17	23	
16	19			16	17	13	9	7	6	2	1	5	10	14	19	
9	14			9	7	6	2	1	0	5	8	11	12	16	15	14	
14	20			14	10	5	1	2	4	3	6	8	11	15	20	
7	19			7	6	2	1	0	5	8	9	12	11	10	14	19	
19	5			19	20	21	16	17	13	12	9	7	4	2	1	5	
10	7			10	14	19	20	15	21	22	23	17	13	9	7	
5	2			5	10	14	19	20	21	22	16	12	9	7	4	2	
19	5			19	20	21	16	17	13	12	9	7	4	2	1	5	
8	5			8	9	13	17	16	22	21	20	15	11	10	5	
0	11			0	1	2	3	6	7	9	13	17	16	12	11	
5	11			5	1	2	4	3	6	7	9	13	17	16	12	11	
0	5			0	1	2	4	3	6	7	9	13	12	11	8	5	
10	16			10	5	1	2	3	4	7	6	8	9	12	16	
5	22			5	1	2	3	4	7	6	8	9	12	16	22	
18	2			18	19	20	21	16	17	13	12	9	7	4	2	
4	0			4	3	2	6	7	9	13	12	11	8	5	0	
7	21			7	6	2	1	0	5	8	9	13	12	16	21	
1	0			1	2	4	3	6	7	9	13	12	11	8	5	0	
18	20			18	10	5	1	2	4	3	6	8	11	15	20	
21	12			21	20	15	14	10	5	0	1	2	4	7	9	12	
6	16			6	5	1	2	3	4	7	9	8	11	12	16	
10	0			10	14	19	20	21	22	16	12	9	8	5	0	
4	1			4	7	9	13	17	16	22	21	15	11	8	5	1	
20	8			20	19	14	15	16	22	23	17	13	12	9	8	
8	5			8	9	13	17	16	22	21	20	15	11	10	5	
18	14			18	10	5	1	2	4	3	6	8	11	15	14	
15	17			15	11	10	5	1	2	3	4	7	9	13	17	
8	4			8	10	14	19	20	15	21	16	12	9	7	4	
0	18			0	1	2	3	6	7	9	13	12	11	10	18	
20	12			20	15	14	10	5	0	1	2	4	7	9	12	
15	1			15	16	21	20	19	14	10	11	12	9	8	5	1	
19	22			19	18	10	5	1	2	4	7	9	12	16	22	
8	15			8	6	2	4	7	9	13	12	11	10	14	15	
20	1			20	21	16	17	13	12	9	7	4	3	2	1	
3	11			3	2	1	0	5	6	7	9	13	17	16	12	11	
14	2			14	19	20	21	16	17	13	12	9	7	4	2	
16	23			16	12	11	10	5	1	2	4	7	9	13	17	23	
19	17			19	14	10	5	0	1	2	4	7	9	13	17	
23	3			23	17	16	21	20	19	14	15	11	8	6	3	
8	23			8	5	1	2	3	4	7	9	12	13	17	23	
3	18			3	2	1	0	5	6	7	9	13	12	11	10	18	
7	2			7	9	13	17	16	22	21	15	11	8	6	2	
12	17			12	11	10	5	1	2	3	4	7	9	13	17	
4	6			4	2	1	0	5	10	14	19	20	15	11	8	6	
2	22			2	4	7	6	5	8	10	18	19	20	21	22	
16	19			16	17	13	9	7	6	2	1	5	10	14	19	
21	23			21	20	19	14	10	5	1	2	4	7	9	13	17	23	
8	12			8	5	1	2	3	4	7	9	13	17	16	12	
8	22			8	5	1	2	3	4	7	9	13	12	16	22	
8	13			8	5	1	2	3	4	7	9	12	11	15	16	17	13	
19	4			19	14	15	21	22	23	17	16	12	9	7	4	
5	8			5	1	2	4	3	6	7	9	13	12	11	8	
23	16			23	17	13	9	7	6	2	1	5	8	11	12	16	
14	2			14	19	20	21	16	17	13	12	9	7	4	2	
13	12			13	17	23	22	21	20	15	14	10	5	8	9	12	
2	12			2	4	7	6	5	8	10	18	19	14	15	11	12	
9	2			9	13	17	16	22	21	20	15	11	8	6	2	
4	6			4	2	1	0	5	10	14	19	20	15	11	8	6	
15	1			15	16	21	20	19	14	10	11	12	9	8	5	1	
10	22			10	5	1	2	3	4	7	6	8	9	12	16	22	
21	0			21	16	17	13	12	9	7	4	3	2	1	0	
9	13			9	7	6	2	1	0	5	8	10	11	12	13	
10	15			10	5	1	2	4	3	6	7	9	8	11	15	
1	14			1	2	3	6	7	9	13	12	11	8	10	14	
22	23			22	21	20	19	14	10	5	8	9	13	17	23	
17	13			17	23	22	21	20	15	14	10	5	8	9	13	
16	2			16	17	13	12	9	7	4	3	6	8	5	1	2	
13	6			13	17	16	22	21	20	19	14	15	11	8	6	
4	13			4	2	1	0	5	6	7	9	8	11	12	13	
21	16			21	20	19	18	10	5	1	2	4	7	9	12	16	
1	5			1	2	4	3	6	7	9	13	12	11	8	5	
15	13			15	14	10	5	1	2	3	4	7	6	8	9	13	
1	5			1	2	4	3	6	7	9	13	12	11	8	5	
13	16			13	9	7	6	2	1	0	5	8	11	12	16	
20	11			20	19	14	10	5	0	1	2	4	3	6	8	11	
9	3			9	13	17	16	22	21	20	15	11	8	6	3	
0	12			0	5	6	2	3	4	7	9	8	10	11	12	
22	10			22	16	17	13	9	7	4	2	3	6	5	10	
18	9			18	10	14	15	20	21	22	23	17	16	12	9	
13	18			13	9	7	6	2	1	0	5	8	11	10	18	
16	11			16	17	13	9	7	6	2	1	0	5	8	11	
20	16			20	19	18	10	5	1	2	4	7	9	12	16	
7	5			7	4	2	3	6	8	9	13	12	11	10	5	
19	22			19	18	10	5	1	2	4	7	9	12	16	22	
14	16			14	10	5	1	2	3	4	7	6	8	9	12	16	
1	2			1	0	5	10	14	19	20	15	11	8	6	2	
6	15			6	2	4	7	9	13	12	11	8	10	14	15	
23	12			23	17	13	9	7	6	2	1	5	8	11	12	
14	9			14	15	21	22	23	17	16	12	11	10	8	9	
8	13			8	5	1	2	3	4	7	9	12	11	15	16	17	13	
19	0			19	20	21	16	17	13	12	9	7	6	5	0	
8	4			8	10	14	19	20	15	21	16	12	9	7	4	
18	20			18	10	5	1	2	4	3	6	8	11	15	20	
16	11			16	17	13	9	7	6	2	1	0	5	8	11	
3	14			3	2	1	0	5	6	7	9	13	12	11	10	14	
4	12			4	7	6	2	1	0	5	8	10	14	15	11	12	
0	16			0	5	6	2	3	4	7	9	8	11	12	16	
22	0			22	16	17	13	12	9	7	4	3	2	1	0	
21	8			21	16	17	13	12	9	7	4	2	1	5	8	
12	14			12	13	9	7	6	2	1	0	5	8	10	14	
3	1			3	4	7	9	13	17	16	12	11	8	5	1	
3	11			3	2	1	0	5	6	7	9	13	17	16	12	11	
1	6			1	0	5	10	14	19	20	21	15	11	8	6	
1	2			1	0	5	10	14	19	20	15	11	8	6	2	
12	8			12	16	17	13	9	7	4	2	1	0	5	8	
16	11			16	17	13	9	7	6	2	1	0	5	8	11	
4	3			4	7	9	13	17	16	22	21	15	11	8	6	3	
22	20			22	23	17	13	9	7	6	2	1	5	8	11	15	20	
3	11			3	2	1	0	5	6	7	9	13	17	16	12	11	
22	13			22	21	20	15	14	10	5	1	2	4	7	9	13	
14	9			14	15	21	22	23	17	16	12	11	10	8	9	
18	3			18	19	20	21	16	17	13	12	9	7	4	3	
23	6			23	17	16	21	20	19	14	15	11	12	9	7	6	
23	20			23	17	13	9	7	6	2	1	5	8	11	15	20	
18	1			18	19	20	21	16	17	13	12	9	8	5	1	
20	10			20	21	22	16	17	13	9	7	4	2	1	5	10	
9	21			9	7	6	2	1	0	5	8	10	11	15	21	
10	11			10	5	1	2	4	3	6	7	9	13	12	11	
1	21			1	5	6	2	3	4	7	9	8	11	15	21	
18	11			18	19	14	10	5	1	2	4	3	6	8	11	
14	21			14	10	5	1	2	3	4	7	9	12	16	21	
8	18			8	9	7	6	2	1	0	5	10	11	15	14	19	18	
13	23			13	9	7	6	2	1	5	8	11	12	16	17	23	
1	3			1	0	5	10	14	19	20	15	11	8	6	3	
3	15			3	2	1	0	5	6	7	9	13	12	11	15	
4	16			4	7	6	2	1	0	5	8	10	11	12	16	
14	13			14	10	5	1	2	3	4	7	6	8	9	13	
1	22			1	5	6	2	3	4	7	9	8	11	12	16	22	
10	21			10	5	1	2	3	4	7	6	8	11	15	21	
1	0			1	2	4	3	6	7	9	13	12	11	8	5	0	
21	23			21	20	19	14	10	5	1	2	4	7	9	13	17	23	
3	6			3	4	2	1	0	5	10	14	15	11	8	6	
10	2			10	14	19	20	21	22	16	12	9	7	4	2	
18	22			18	10	5	1	2	3	4	7	9	12	16	22	
6	20			6	2	4	7	9	13	12	11	8	10	14	15	20	
19	23			19	14	10	5	0	1	2	4	7	9	13	17	23	
14	15			14	10	5	1	2	4	3	6	7	9	8	11	15	
3	20			3	2	1	0	5	6	7	9	8	11	15	20	
14	4			14	15	21	22	23	17	16	12	11	8	6	2	4	
18	14			18	10	5	1	2	4	3	6	8	11	15	14	
8	21			8	6	5	1	2	3	4	7	9	12	16	21	
2	10			2	4	3	6	7	9	13	17	16	12	11	10	
10	5			10	14	19	20	21	22	23	17	13	9	8	5	
16	7			16	15	14	19	18	10	11	8	5	1	2	4	7	
15	0			15	16	21	20	19	14	10	11	12	9	8	5	0	
14	22			14	10	5	1	2	3	4	7	9	12	16	22	
16	20			16	17	13	9	7	6	2	1	5	8	11	15	20	
2	16			2	4	7	6	5	8	10	18	19	14	15	16	
8	6			8	11	15	16	17	13	12	9	7	4	2	6	
1	18			1	2	3	6	7	9	13	17	16	12	11	10	18	
0	10			0	1	2	4	3	6	7	9	13	12	11	10	
19	8			19	20	21	16	17	13	12	9	7	4	2	6	8	
5	18			5	1	2	4	3	6	7	9	13	12	11	10	18	
12	1			12	16	17	13	9	7	4	3	6	8	5	1	
16	19			16	17	13	9	7	6	2	1	5	10	14	19	
15	12			15	14	10	5	1	2	3	4	7	6	8	9	12	
8	6			8	11	15	16	17	13	12	9	7	4	2	6	
22	11			22	16	17	13	9	7	4	2	1	5	8	11	
9	7			9	13	17	16	22	21	20	15	11	8	6	7	
11	9			11	15	14	10	5	0	1	2	3	4	7	9	
11	8			11	15	16	17	13	12	9	7	4	2	6	8	
SFC Num: 921
