The Length of SFC is: 13
SFCSourceID	SFCSinkID			The Nodes of the Path
1	6			1	0	5	10	14	19	20	21	22	16	12	9	7	6	
10	0			10	14	19	20	21	22	23	17	13	9	8	5	0	
22	18			22	16	17	13	9	7	4	2	3	6	5	10	18	
8	0			8	9	13	17	16	22	21	20	15	11	10	5	0	
22	19			22	23	17	13	9	7	6	2	1	5	10	14	19	
21	10			21	22	16	17	13	9	7	4	2	3	6	5	10	
23	2			23	17	16	21	20	19	14	15	11	12	9	7	4	2	
14	10			14	15	21	22	16	17	13	9	7	4	2	1	5	10	
1	2			1	0	5	10	14	19	20	21	15	11	8	6	2	
3	19			3	2	1	0	5	6	7	9	13	12	11	10	14	19	
21	10			21	22	16	17	13	9	7	4	2	3	6	5	10	
19	4			19	14	15	21	22	23	17	16	12	11	8	6	2	4	
16	22			16	12	9	7	6	2	1	5	8	11	15	21	22	
14	21			14	10	5	1	2	3	4	7	6	8	11	15	21	
7	19			7	6	2	1	0	5	8	9	12	11	10	14	19	
9	16			9	7	6	2	1	0	5	8	10	18	19	14	15	16	
22	3			22	16	17	13	12	9	7	4	2	1	5	6	3	
3	19			3	2	1	0	5	6	7	9	13	12	11	10	14	19	
7	14			7	6	2	1	0	5	8	9	13	12	11	10	14	
1	18			1	2	3	6	7	9	13	17	16	12	11	10	18	
6	16			6	5	1	2	3	4	7	9	8	10	11	12	16	
14	22			14	10	5	1	2	3	4	7	6	8	9	12	16	22	
17	12			17	23	22	21	20	15	14	10	5	1	2	4	7	9	12	
5	14			5	1	2	4	3	6	7	9	13	12	11	10	14	
1	0			1	2	4	3	6	7	9	13	12	11	8	5	0	
14	16			14	10	5	1	2	3	4	7	6	8	9	12	16	
6	22			6	5	1	2	3	4	7	9	8	11	12	16	22	
5	14			5	1	2	4	3	6	7	9	13	12	11	10	14	
22	3			22	16	17	13	12	9	7	4	2	1	5	6	3	
9	4			9	13	17	16	22	21	20	15	11	8	6	2	4	
10	0			10	14	19	20	21	22	23	17	13	9	8	5	0	
6	19			6	2	4	7	9	13	12	11	8	5	10	14	19	
13	16			13	9	7	6	2	1	0	5	8	10	11	12	16	
10	19			10	5	1	2	4	3	6	7	9	8	11	15	14	19	
20	18			20	21	22	16	17	13	9	7	4	2	1	5	10	18	
23	6			23	17	16	21	20	19	14	15	11	12	9	7	6	
2	11			2	1	0	5	6	7	9	13	17	23	22	16	12	11	
6	20			6	2	4	7	9	13	12	11	8	10	14	15	20	
19	14			19	18	10	5	1	2	4	3	6	8	11	15	14	
2	7			2	1	0	5	10	14	19	20	15	11	8	6	7	
11	23			11	10	5	1	2	3	4	7	6	8	9	13	17	23	
3	1			3	4	7	9	13	17	16	22	21	15	11	8	5	1	
21	22			21	20	19	18	10	5	1	2	4	7	9	12	16	22	
6	1			6	7	9	13	17	16	22	21	15	11	8	5	1	
5	12			5	1	2	3	4	7	6	8	10	18	19	14	15	11	12	
13	2			13	17	16	22	21	20	19	14	15	11	8	6	2	
19	14			19	18	10	5	1	2	4	3	6	8	11	15	14	
7	12			7	6	2	1	0	5	8	10	18	19	14	15	11	12	
21	10			21	22	16	17	13	9	7	4	2	3	6	5	10	
6	22			6	5	1	2	3	4	7	9	8	11	12	16	22	
10	13			10	14	19	20	15	21	22	16	12	11	8	9	13	
7	1			7	9	13	17	16	22	21	20	15	11	8	5	1	
6	10			6	3	4	2	1	0	5	8	9	13	12	11	10	
3	2			3	4	7	9	13	17	16	22	21	15	11	8	6	2	
6	19			6	2	4	7	9	13	12	11	8	5	10	14	19	
13	7			13	17	16	22	21	20	19	14	15	11	8	6	7	
13	3			13	17	16	22	21	20	19	14	15	11	8	6	3	
16	21			16	12	9	7	6	2	1	0	5	8	11	15	21	
5	19			5	1	2	4	3	6	7	9	13	12	11	10	14	19	
6	17			6	5	1	2	3	4	7	9	8	11	12	13	17	
13	2			13	17	16	22	21	20	19	14	15	11	8	6	2	
13	4			13	17	16	22	21	20	19	14	10	5	1	2	4	
7	22			7	6	2	1	0	5	8	10	18	19	20	21	22	
22	16			22	23	17	13	9	7	6	2	1	5	8	11	12	16	
6	8			6	2	4	7	9	13	17	23	22	16	12	11	8	
16	18			16	22	21	15	11	12	13	9	7	6	5	10	18	
16	13			16	21	20	15	14	10	5	0	1	2	4	7	9	13	
7	23			7	6	2	1	0	5	10	18	19	20	21	22	23	
22	11			22	16	17	13	9	7	4	2	1	0	5	8	11	
5	22			5	1	2	3	4	7	6	8	10	11	12	16	22	
21	17			21	20	19	14	10	5	0	1	2	4	7	9	13	17	
3	13			3	2	1	0	5	6	7	9	8	10	11	12	13	
2	5			2	4	3	6	7	9	13	17	16	12	11	8	5	
3	10			3	4	2	1	0	5	6	7	9	13	12	11	10	
8	20			8	6	2	4	7	9	13	12	11	10	14	15	20	
14	5			14	15	16	21	20	19	18	10	11	12	9	8	5	
21	10			21	22	16	17	13	9	7	4	2	3	6	5	10	
0	8			0	1	2	4	3	6	7	9	13	17	16	12	11	8	
4	11			4	2	1	0	5	6	7	9	13	17	16	12	11	
15	13			15	14	10	5	1	2	3	4	7	6	8	9	13	
2	12			2	4	7	6	5	8	10	18	19	14	15	11	12	
3	21			3	6	5	1	2	4	7	9	8	10	11	15	21	
14	0			14	15	16	21	20	19	18	10	11	12	9	8	5	0	
7	22			7	6	2	1	0	5	8	10	18	19	20	21	22	
11	22			11	8	5	1	2	3	4	7	9	13	12	16	22	
2	10			2	4	3	6	7	9	13	17	16	22	21	15	11	10	
16	22			16	12	9	7	6	2	1	5	8	11	15	21	22	
17	20			17	13	9	7	6	2	1	0	5	8	11	15	20	
6	9			6	2	1	0	5	10	14	19	20	15	11	8	9	
13	17			13	9	7	6	2	1	0	5	8	11	12	16	17	
0	17			0	5	6	2	3	4	7	9	8	11	12	13	17	
18	1			18	19	20	21	16	17	13	12	9	7	4	2	1	
0	21			0	5	6	2	3	4	7	9	8	10	11	15	21	
16	20			16	17	13	9	7	6	2	1	5	8	11	15	20	
7	0			7	4	3	2	6	8	9	13	12	11	10	5	0	
6	9			6	2	1	0	5	10	14	19	20	15	11	8	9	
18	20			18	10	5	1	2	4	3	6	7	9	8	11	15	20	
19	5			19	20	21	16	17	13	12	9	7	4	2	1	5	
16	13			16	21	20	15	14	10	5	0	1	2	4	7	9	13	
10	22			10	5	1	2	3	4	7	6	8	9	12	16	22	
19	0			19	20	21	16	17	13	12	9	7	4	2	1	0	
2	23			2	4	7	6	5	10	18	19	14	15	16	17	23	
23	19			23	17	13	9	7	6	2	1	0	5	10	14	19	
10	5			10	14	19	20	21	22	23	17	16	12	9	8	5	
15	3			15	16	17	13	12	9	7	4	2	1	5	6	3	
3	12			3	4	7	6	5	8	10	18	19	14	15	11	12	
5	0			5	10	14	19	20	21	15	11	8	6	2	1	0	
14	15			14	10	5	1	2	4	3	6	7	9	8	11	15	
9	21			9	7	6	2	1	0	5	8	10	18	19	20	21	
13	22			13	9	7	6	2	1	0	5	8	11	12	16	22	
5	1			5	10	14	19	20	21	22	16	12	9	7	4	2	1	
3	7			3	2	1	0	5	10	14	19	20	15	11	8	6	7	
20	11			20	19	14	10	5	0	1	2	4	3	6	8	11	
15	19			15	11	12	13	9	7	6	2	1	5	10	14	19	
12	20			12	9	7	6	2	1	0	5	8	10	11	15	20	
1	2			1	0	5	10	14	19	20	21	15	11	8	6	2	
4	22			4	7	6	2	1	0	5	8	10	11	12	16	22	
1	20			1	0	5	6	7	9	13	12	11	8	10	14	15	20	
9	17			9	7	6	2	1	0	5	8	10	11	12	13	17	
9	4			9	13	17	16	22	21	20	15	11	8	6	2	4	
2	13			2	1	0	5	6	3	4	7	9	8	11	12	13	
17	13			17	23	22	21	20	15	14	10	5	1	2	4	7	9	13	
23	4			23	22	21	15	14	19	18	10	11	8	6	2	4	
1	22			1	5	6	2	3	4	7	9	8	11	12	16	22	
5	21			5	1	2	3	4	7	6	8	9	13	12	16	21	
9	13			9	7	6	2	1	0	5	8	10	14	15	11	12	13	
15	10			15	21	22	16	17	13	9	7	4	2	1	5	10	
23	2			23	17	16	21	20	19	14	15	11	12	9	7	4	2	
21	13			21	20	15	14	10	5	0	1	2	4	7	9	13	
5	21			5	1	2	3	4	7	6	8	9	13	12	16	21	
22	12			22	23	17	13	9	7	6	2	1	5	8	11	12	
4	13			4	2	1	0	5	6	7	9	8	10	11	12	13	
9	14			9	7	6	2	1	0	5	8	11	12	16	15	14	
16	2			16	17	13	12	9	7	4	3	6	8	5	1	2	
23	22			23	17	13	9	7	6	2	1	5	8	11	12	16	22	
8	13			8	5	1	2	3	4	7	9	12	11	15	16	17	13	
4	3			4	7	9	13	17	16	22	21	15	11	8	6	3	
4	16			4	7	6	2	1	0	5	8	10	18	19	14	15	16	
16	20			16	17	13	9	7	6	2	1	5	8	11	15	20	
10	3			10	14	19	20	21	22	23	17	13	9	7	4	3	
13	20			13	9	7	6	2	1	0	5	8	10	11	15	20	
23	17			23	22	21	20	19	14	10	5	1	2	4	7	9	13	17	
13	20			13	9	7	6	2	1	0	5	8	10	11	15	20	
20	12			20	15	14	10	5	0	1	2	3	4	7	9	12	
1	8			1	0	5	6	7	9	13	17	23	22	16	12	11	8	
5	1			5	10	14	19	20	21	22	16	12	9	7	4	2	1	
2	21			2	6	5	8	9	13	12	11	10	18	19	20	21	
7	20			7	6	2	1	0	5	8	9	13	12	11	15	20	
17	6			17	16	22	21	20	19	14	15	11	12	9	7	6	
14	22			14	10	5	1	2	3	4	7	6	8	9	12	16	22	
17	19			17	13	9	7	6	2	1	0	5	8	10	14	19	
9	7			9	13	17	16	22	21	20	19	14	10	5	6	7	
17	16			17	13	9	7	6	2	1	0	5	8	11	12	16	
2	11			2	1	0	5	6	7	9	13	17	23	22	16	12	11	
9	3			9	13	17	16	22	21	20	19	14	10	5	6	3	
9	17			9	7	6	2	1	0	5	8	10	11	12	13	17	
16	15			16	17	13	9	7	6	2	1	0	5	8	11	15	
6	8			6	2	4	7	9	13	17	23	22	16	12	11	8	
21	3			21	16	17	13	12	9	7	4	2	1	5	6	3	
7	14			7	6	2	1	0	5	8	9	13	12	11	10	14	
4	11			4	2	1	0	5	6	7	9	13	17	16	12	11	
21	16			21	20	19	18	10	5	1	2	4	7	9	12	16	
20	14			20	21	22	23	17	13	9	7	6	2	1	5	10	14	
21	10			21	22	16	17	13	9	7	4	2	3	6	5	10	
23	22			23	17	13	9	7	6	2	1	5	8	11	12	16	22	
16	21			16	12	9	7	6	2	1	0	5	8	11	15	21	
0	23			0	5	6	2	3	4	7	9	8	11	12	13	17	23	
17	20			17	13	9	7	6	2	1	0	5	8	11	15	20	
4	16			4	7	6	2	1	0	5	8	10	18	19	14	15	16	
5	17			5	1	2	3	4	7	6	8	10	11	12	13	17	
20	16			20	19	18	10	5	1	2	3	4	7	9	12	16	
22	21			22	23	17	13	9	7	6	2	1	5	8	11	15	21	
3	21			3	6	5	1	2	4	7	9	8	10	11	15	21	
18	22			18	10	5	1	2	3	4	7	6	8	9	12	16	22	
17	20			17	13	9	7	6	2	1	0	5	8	11	15	20	
20	0			20	21	16	17	13	12	9	7	4	3	2	1	0	
2	12			2	4	7	6	5	8	10	18	19	14	15	11	12	
23	22			23	17	13	9	7	6	2	1	5	8	11	12	16	22	
13	4			13	17	16	22	21	20	19	14	10	5	1	2	4	
18	16			18	10	5	1	2	3	4	7	6	8	9	12	16	
4	0			4	3	2	6	7	9	13	17	16	12	11	8	5	0	
13	20			13	9	7	6	2	1	0	5	8	10	11	15	20	
2	21			2	6	5	8	9	13	12	11	10	18	19	20	21	
20	18			20	21	22	16	17	13	9	7	4	2	1	5	10	18	
21	16			21	20	19	18	10	5	1	2	4	7	9	12	16	
20	18			20	21	22	16	17	13	9	7	4	2	1	5	10	18	
17	23			17	13	9	7	6	2	1	5	8	11	12	16	22	23	
0	2			0	5	10	14	19	20	21	22	16	12	9	7	4	2	
0	22			0	5	6	2	3	4	7	9	8	11	12	16	22	
10	3			10	14	19	20	21	22	23	17	13	9	7	4	3	
10	5			10	14	19	20	21	22	23	17	16	12	9	8	5	
23	20			23	17	13	9	7	6	2	1	5	8	11	15	20	
9	17			9	7	6	2	1	0	5	8	10	11	12	13	17	
0	10			0	1	2	4	3	6	7	9	13	17	16	12	11	10	
23	17			23	22	21	20	19	14	10	5	1	2	4	7	9	13	17	
5	21			5	1	2	3	4	7	6	8	9	13	12	16	21	
6	8			6	2	4	7	9	13	17	23	22	16	12	11	8	
17	3			17	16	22	21	20	19	14	15	11	12	9	7	4	3	
21	17			21	20	19	14	10	5	0	1	2	4	7	9	13	17	
1	13			1	0	5	6	2	3	4	7	9	8	11	12	13	
1	7			1	0	5	10	14	19	20	15	21	16	12	9	7	
14	19			14	10	5	1	2	4	3	6	8	11	15	20	19	
12	9			12	16	15	14	19	18	10	5	0	1	2	4	7	9	
7	10			7	4	2	3	6	5	8	9	13	17	16	12	11	10	
23	6			23	17	16	21	20	19	14	15	11	12	9	7	6	
22	18			22	16	17	13	9	7	4	2	3	6	5	10	18	
15	5			15	16	21	20	19	14	10	11	12	13	9	8	5	
21	17			21	20	19	14	10	5	0	1	2	4	7	9	13	17	
4	11			4	2	1	0	5	6	7	9	13	17	16	12	11	
15	11			15	21	22	16	17	13	9	7	4	2	6	8	11	
0	16			0	5	6	2	3	4	7	9	8	10	11	12	16	
22	23			22	21	20	19	14	10	5	1	2	4	7	9	13	17	23	
22	20			22	23	17	13	9	7	6	2	1	5	8	11	15	20	
16	3			16	17	13	12	9	7	4	2	1	0	5	6	3	
23	19			23	17	13	9	7	6	2	1	0	5	10	14	19	
1	11			1	0	5	6	7	9	13	17	23	22	16	12	11	
16	20			16	17	13	9	7	6	2	1	5	8	11	15	20	
18	10			18	19	20	21	22	16	17	13	9	7	6	5	10	
7	4			7	9	13	17	16	22	21	15	11	8	6	2	4	
16	13			16	21	20	15	14	10	5	0	1	2	4	7	9	13	
9	23			9	7	6	2	1	0	5	8	11	12	13	17	23	
15	3			15	16	17	13	12	9	7	4	2	1	5	6	3	
13	12			13	17	23	22	21	20	15	14	10	5	8	9	12	
12	2			12	16	17	13	9	7	4	3	6	8	5	1	2	
15	0			15	16	21	20	19	14	10	11	12	9	8	5	0	
15	19			15	11	12	13	9	7	6	2	1	5	10	14	19	
16	12			16	21	20	15	14	10	5	0	1	2	4	7	9	12	
18	16			18	10	5	1	2	3	4	7	6	8	9	12	16	
22	19			22	23	17	13	9	7	6	2	1	5	10	14	19	
22	15			22	23	17	13	9	7	6	2	1	5	8	11	15	
9	22			9	7	6	2	1	0	5	8	10	11	12	16	22	
2	12			2	4	7	6	5	8	10	18	19	14	15	11	12	
17	4			17	16	22	21	20	19	14	15	11	8	6	2	4	
23	2			23	17	16	21	20	19	14	15	11	12	9	7	4	2	
18	0			18	19	20	21	16	17	13	12	9	7	6	5	0	
14	16			14	10	5	1	2	3	4	7	6	8	9	12	16	
3	22			3	4	7	6	5	8	10	18	19	14	15	16	22	
19	22			19	18	10	5	1	2	3	4	7	9	12	16	22	
1	8			1	0	5	6	7	9	13	17	23	22	16	12	11	8	
21	17			21	20	19	14	10	5	0	1	2	4	7	9	13	17	
15	10			15	21	22	16	17	13	9	7	4	2	1	5	10	
15	20			15	11	8	6	2	4	7	9	13	12	16	21	20	
0	22			0	5	6	2	3	4	7	9	8	11	12	16	22	
3	10			3	4	2	1	0	5	6	7	9	13	12	11	10	
3	11			3	2	1	0	5	6	7	9	13	17	16	12	11	
13	3			13	17	16	22	21	20	19	14	15	11	8	6	3	
1	20			1	0	5	6	7	9	13	12	11	8	10	14	15	20	
1	3			1	0	5	10	14	19	20	21	15	11	8	6	3	
3	4			3	6	5	10	14	19	20	15	11	8	9	7	4	
0	9			0	1	2	3	4	7	6	5	10	14	15	11	8	9	
12	2			12	16	17	13	9	7	4	3	6	8	5	1	2	
10	3			10	14	19	20	21	22	23	17	13	9	7	4	3	
16	12			16	21	20	15	14	10	5	0	1	2	4	7	9	12	
17	21			17	13	9	7	6	2	1	0	5	8	11	15	21	
20	21			20	19	18	10	5	1	2	3	6	8	11	15	21	
1	6			1	0	5	10	14	19	20	21	22	16	12	9	7	6	
5	8			5	1	2	4	3	6	7	9	13	17	16	12	11	8	
15	5			15	16	21	20	19	14	10	11	12	13	9	8	5	
23	2			23	17	16	21	20	19	14	15	11	12	9	7	4	2	
3	21			3	6	5	1	2	4	7	9	8	10	11	15	21	
6	8			6	2	4	7	9	13	17	23	22	16	12	11	8	
3	4			3	6	5	10	14	19	20	15	11	8	9	7	4	
0	13			0	1	2	3	4	7	6	5	10	14	15	11	12	13	
3	22			3	4	7	6	5	8	10	18	19	14	15	16	22	
0	1			0	5	10	14	19	20	21	15	11	8	6	2	1	
10	6			10	14	19	20	21	22	23	17	16	12	9	7	6	
23	19			23	17	13	9	7	6	2	1	0	5	10	14	19	
1	20			1	0	5	6	7	9	13	12	11	8	10	14	15	20	
7	4			7	9	13	17	16	22	21	15	11	8	6	2	4	
3	2			3	4	7	9	13	17	16	22	21	15	11	8	6	2	
1	19			1	2	3	6	7	9	13	12	11	8	10	14	19	
19	22			19	18	10	5	1	2	3	4	7	9	12	16	22	
9	18			9	7	6	2	1	0	5	8	11	12	16	15	14	10	18	
16	12			16	21	20	15	14	10	5	0	1	2	4	7	9	12	
1	5			1	2	4	3	6	7	9	13	17	16	12	11	8	5	
14	0			14	15	16	21	20	19	18	10	11	12	9	8	5	0	
14	1			14	15	16	21	20	19	18	10	11	12	9	8	5	1	
21	9			21	15	14	19	18	10	5	0	1	2	4	7	9	
17	21			17	13	9	7	6	2	1	0	5	8	11	15	21	
9	13			9	7	6	2	1	0	5	8	10	14	15	11	12	13	
10	4			10	14	19	20	15	21	22	23	17	13	9	7	4	
20	18			20	21	22	16	17	13	9	7	4	2	1	5	10	18	
13	21			13	9	7	6	2	1	0	5	8	10	11	15	21	
9	16			9	7	6	2	1	0	5	8	10	18	19	14	15	16	
14	20			14	10	5	1	2	4	3	6	7	9	8	11	15	20	
21	20			21	22	23	17	13	9	7	6	2	1	5	8	11	15	20	
16	18			16	22	21	15	11	12	13	9	7	6	5	10	18	
0	16			0	5	6	2	3	4	7	9	8	10	11	12	16	
10	18			10	5	1	2	4	3	6	8	11	15	14	19	18	
23	15			23	17	13	9	7	6	2	1	0	5	8	11	15	
14	5			14	15	16	21	20	19	18	10	11	12	9	8	5	
21	20			21	22	23	17	13	9	7	6	2	1	5	8	11	15	20	
6	21			6	5	1	2	3	4	7	9	8	10	11	15	21	
23	3			23	17	16	21	20	19	14	15	11	12	9	7	4	3	
12	22			12	9	7	6	2	1	0	5	8	11	15	16	22	
7	2			7	9	13	17	16	22	21	20	15	11	8	6	2	
7	17			7	6	2	1	0	5	10	18	19	14	15	16	17	
1	11			1	0	5	6	7	9	13	17	23	22	16	12	11	
19	22			19	18	10	5	1	2	3	4	7	9	12	16	22	
12	16			12	9	7	6	2	1	0	5	8	10	11	15	16	
2	6			2	1	0	5	10	14	19	20	21	15	11	8	6	
6	10			6	3	4	2	1	0	5	8	9	13	12	11	10	
20	6			20	19	14	15	16	22	23	17	13	12	9	7	6	
10	19			10	5	1	2	4	3	6	7	9	8	11	15	14	19	
4	21			4	7	6	2	1	0	5	8	9	13	12	16	21	
17	4			17	16	22	21	20	19	14	15	11	8	6	2	4	
7	5			7	4	2	3	6	8	9	13	17	16	12	11	10	5	
6	18			6	2	4	7	9	13	17	23	22	21	20	19	18	
7	2			7	9	13	17	16	22	21	20	15	11	8	6	2	
10	23			10	5	1	2	3	4	7	6	8	9	13	17	23	
14	19			14	10	5	1	2	4	3	6	8	11	15	20	19	
3	7			3	2	1	0	5	10	14	19	20	15	11	8	6	7	
13	21			13	9	7	6	2	1	0	5	8	10	11	15	21	
1	3			1	0	5	10	14	19	20	21	15	11	8	6	3	
5	12			5	1	2	3	4	7	6	8	10	18	19	14	15	11	12	
19	23			19	14	10	5	0	1	2	4	7	9	13	17	23	
13	20			13	9	7	6	2	1	0	5	8	10	11	15	20	
21	15			21	22	23	17	13	9	7	6	2	1	5	8	11	15	
7	23			7	6	2	1	0	5	10	18	19	20	21	22	23	
2	7			2	1	0	5	10	14	19	20	15	11	8	6	7	
20	18			20	21	22	16	17	13	9	7	4	2	1	5	10	18	
3	22			3	4	7	6	5	8	10	18	19	14	15	16	22	
6	4			6	5	10	14	19	20	15	21	16	12	9	7	4	
20	6			20	19	14	15	16	22	23	17	13	12	9	7	6	
16	18			16	22	21	15	11	12	13	9	7	6	5	10	18	
9	6			9	13	17	16	22	21	20	19	14	15	11	8	6	
23	12			23	17	13	9	7	6	2	1	0	5	8	11	12	
18	14			18	10	5	1	2	4	3	6	7	9	8	11	15	14	
17	6			17	16	22	21	20	19	14	15	11	12	9	7	6	
6	19			6	2	4	7	9	13	12	11	8	5	10	14	19	
11	17			11	10	5	1	2	3	4	7	6	8	9	13	17	
17	22			17	13	9	7	6	2	1	5	8	11	12	16	22	
19	17			19	14	10	5	0	1	2	3	4	7	9	13	17	
11	19			11	12	13	9	7	6	2	1	0	5	10	14	19	
12	16			12	9	7	6	2	1	0	5	8	10	11	15	16	
16	3			16	17	13	12	9	7	4	2	1	0	5	6	3	
12	23			12	11	10	5	1	2	3	4	7	9	13	17	23	
7	20			7	6	2	1	0	5	8	9	13	12	11	15	20	
20	6			20	19	14	15	16	22	23	17	13	12	9	7	6	
12	21			12	9	7	6	2	1	0	5	8	10	11	15	21	
10	17			10	5	1	2	3	4	7	6	8	11	12	13	17	
2	5			2	4	3	6	7	9	13	17	16	12	11	8	5	
12	3			12	16	17	13	9	7	4	2	1	0	5	6	3	
4	5			4	2	3	6	7	9	13	17	16	12	11	8	5	
22	19			22	23	17	13	9	7	6	2	1	5	10	14	19	
11	23			11	10	5	1	2	3	4	7	6	8	9	13	17	23	
5	14			5	1	2	4	3	6	7	9	13	12	11	10	14	
11	22			11	8	5	1	2	3	4	7	9	13	12	16	22	
2	10			2	4	3	6	7	9	13	17	16	22	21	15	11	10	
3	19			3	2	1	0	5	6	7	9	13	12	11	10	14	19	
5	9			5	1	2	3	4	7	6	8	10	14	15	11	12	9	
15	11			15	21	22	16	17	13	9	7	4	2	6	8	11	
3	10			3	4	2	1	0	5	6	7	9	13	12	11	10	
8	7			8	10	14	19	20	15	21	22	23	17	13	9	7	
22	20			22	23	17	13	9	7	6	2	1	5	8	11	15	20	
9	12			9	7	6	2	1	0	5	8	10	18	19	14	15	11	12	
14	16			14	10	5	1	2	3	4	7	6	8	9	12	16	
15	10			15	21	22	16	17	13	9	7	4	2	1	5	10	
3	6			3	4	2	1	0	5	10	14	19	20	15	11	8	6	
10	4			10	14	19	20	15	21	22	23	17	13	9	7	4	
1	5			1	2	4	3	6	7	9	13	17	16	12	11	8	5	
5	16			5	1	2	3	4	7	6	8	10	18	19	14	15	16	
21	17			21	20	19	14	10	5	0	1	2	4	7	9	13	17	
15	12			15	14	10	5	1	2	3	4	7	6	8	9	12	
15	13			15	14	10	5	1	2	3	4	7	6	8	9	13	
12	16			12	9	7	6	2	1	0	5	8	10	11	15	16	
2	8			2	4	3	6	7	9	13	17	16	22	21	15	11	8	
13	3			13	17	16	22	21	20	19	14	15	11	8	6	3	
0	2			0	5	10	14	19	20	21	22	16	12	9	7	4	2	
6	21			6	5	1	2	3	4	7	9	8	10	11	15	21	
4	1			4	7	9	13	17	16	22	21	15	11	8	5	1	
22	20			22	23	17	13	9	7	6	2	1	5	8	11	15	20	
1	5			1	2	4	3	6	7	9	13	17	16	12	11	8	5	
21	11			21	22	16	17	13	9	7	4	2	1	5	8	11	
22	9			22	21	15	14	19	18	10	5	0	1	2	4	7	9	
13	22			13	9	7	6	2	1	0	5	8	11	12	16	22	
8	4			8	10	14	19	20	15	21	22	16	12	9	7	4	
7	11			7	6	2	1	0	5	8	9	13	17	16	12	11	
14	10			14	15	21	22	16	17	13	9	7	4	2	1	5	10	
1	10			1	2	4	3	6	7	9	13	17	16	12	11	10	
21	18			21	22	16	17	13	9	7	4	2	1	5	10	18	
23	19			23	17	13	9	7	6	2	1	0	5	10	14	19	
22	21			22	23	17	13	9	7	6	2	1	5	8	11	15	21	
20	12			20	15	14	10	5	0	1	2	3	4	7	9	12	
4	23			4	7	6	2	1	0	5	10	8	9	13	17	23	
13	12			13	17	23	22	21	20	15	14	10	5	8	9	12	
3	23			3	4	7	6	5	10	18	19	14	15	16	17	23	
23	0			23	17	16	21	20	15	11	12	13	9	8	5	0	
15	3			15	16	17	13	12	9	7	4	2	1	5	6	3	
16	12			16	21	20	15	14	10	5	0	1	2	4	7	9	12	
12	19			12	13	9	7	6	2	1	0	5	8	10	14	19	
7	5			7	4	2	3	6	8	9	13	17	16	12	11	10	5	
10	15			10	5	1	2	4	3	6	7	9	13	12	11	15	
4	1			4	7	9	13	17	16	22	21	15	11	8	5	1	
3	10			3	4	2	1	0	5	6	7	9	13	12	11	10	
14	7			14	15	21	22	23	17	16	12	11	10	5	6	7	
18	23			18	10	5	1	2	3	4	7	6	8	9	13	17	23	
3	21			3	6	5	1	2	4	7	9	8	10	11	15	21	
6	4			6	5	10	14	19	20	15	21	16	12	9	7	4	
2	23			2	4	7	6	5	10	18	19	14	15	16	17	23	
15	13			15	14	10	5	1	2	3	4	7	6	8	9	13	
9	17			9	7	6	2	1	0	5	8	10	11	12	13	17	
13	7			13	17	16	22	21	20	19	14	15	11	8	6	7	
5	13			5	1	2	3	4	7	6	8	10	14	15	11	12	13	
23	0			23	17	16	21	20	15	11	12	13	9	8	5	0	
21	10			21	22	16	17	13	9	7	4	2	3	6	5	10	
9	16			9	7	6	2	1	0	5	8	10	18	19	14	15	16	
17	7			17	16	22	21	20	19	14	15	11	10	5	6	7	
5	19			5	1	2	4	3	6	7	9	13	12	11	10	14	19	
21	9			21	15	14	19	18	10	5	0	1	2	4	7	9	
12	2			12	16	17	13	9	7	4	3	6	8	5	1	2	
10	19			10	5	1	2	4	3	6	7	9	8	11	15	14	19	
8	1			8	9	13	17	16	22	21	20	15	11	10	5	1	
20	17			20	19	14	10	5	0	1	2	4	7	9	13	17	
22	9			22	21	15	14	19	18	10	5	0	1	2	4	7	9	
8	13			8	5	1	2	3	4	7	9	12	11	15	16	17	13	
11	17			11	10	5	1	2	3	4	7	6	8	9	13	17	
6	21			6	5	1	2	3	4	7	9	8	10	11	15	21	
18	14			18	10	5	1	2	4	3	6	7	9	8	11	15	14	
9	15			9	7	6	2	1	0	5	8	10	18	19	14	15	
6	13			6	2	1	0	5	10	14	19	20	15	11	12	13	
4	23			4	7	6	2	1	0	5	10	8	9	13	17	23	
1	15			1	0	5	6	7	9	13	12	11	8	10	14	15	
20	12			20	15	14	10	5	0	1	2	3	4	7	9	12	
12	2			12	16	17	13	9	7	4	3	6	8	5	1	2	
4	22			4	7	6	2	1	0	5	8	10	11	12	16	22	
20	23			20	19	14	10	5	0	1	2	4	7	9	13	17	23	
10	14			10	5	1	2	4	3	6	7	9	8	11	15	14	
1	15			1	0	5	6	7	9	13	12	11	8	10	14	15	
15	1			15	16	21	20	19	14	10	11	12	9	8	5	1	
18	0			18	19	20	21	16	17	13	12	9	7	6	5	0	
1	3			1	0	5	10	14	19	20	21	15	11	8	6	3	
5	22			5	1	2	3	4	7	6	8	10	11	12	16	22	
3	21			3	6	5	1	2	4	7	9	8	10	11	15	21	
11	23			11	10	5	1	2	3	4	7	6	8	9	13	17	23	
1	17			1	5	6	2	3	4	7	9	8	11	12	13	17	
21	3			21	16	17	13	12	9	7	4	2	1	5	6	3	
10	15			10	5	1	2	4	3	6	7	9	13	12	11	15	
23	15			23	17	13	9	7	6	2	1	0	5	8	11	15	
16	4			16	15	14	19	18	10	11	8	5	0	1	2	4	
15	10			15	21	22	16	17	13	9	7	4	2	1	5	10	
1	10			1	2	4	3	6	7	9	13	17	16	12	11	10	
13	2			13	17	16	22	21	20	19	14	15	11	8	6	2	
22	11			22	16	17	13	9	7	4	2	1	0	5	8	11	
20	10			20	21	22	16	17	13	9	7	4	2	1	5	10	
21	4			21	15	14	19	18	10	11	8	5	0	1	2	4	
15	19			15	11	12	13	9	7	6	2	1	5	10	14	19	
7	6			7	4	2	1	0	5	10	14	19	20	15	11	8	6	
6	19			6	2	4	7	9	13	12	11	8	5	10	14	19	
16	18			16	22	21	15	11	12	13	9	7	6	5	10	18	
22	12			22	23	17	13	9	7	6	2	1	5	8	11	12	
0	22			0	5	6	2	3	4	7	9	8	11	12	16	22	
8	7			8	10	14	19	20	15	21	22	23	17	13	9	7	
21	23			21	20	19	14	10	5	1	2	4	7	9	13	17	23	
4	1			4	7	9	13	17	16	22	21	15	11	8	5	1	
13	4			13	17	16	22	21	20	19	14	10	5	1	2	4	
0	1			0	5	10	14	19	20	21	15	11	8	6	2	1	
22	14			22	23	17	13	9	7	6	2	1	0	5	10	14	
13	21			13	9	7	6	2	1	0	5	8	10	11	15	21	
22	23			22	21	20	19	14	10	5	1	2	4	7	9	13	17	23	
4	2			4	7	9	13	17	16	22	21	15	11	8	6	2	
6	10			6	3	4	2	1	0	5	8	9	13	12	11	10	
16	15			16	17	13	9	7	6	2	1	0	5	8	11	15	
13	22			13	9	7	6	2	1	0	5	8	11	12	16	22	
17	0			17	16	22	21	20	15	11	12	13	9	8	5	0	
5	16			5	1	2	3	4	7	6	8	10	18	19	14	15	16	
13	4			13	17	16	22	21	20	19	14	10	5	1	2	4	
23	16			23	17	13	9	7	6	2	1	5	8	11	12	16	
4	7			4	2	1	0	5	10	14	19	20	15	11	8	6	7	
23	17			23	22	21	20	19	14	10	5	1	2	4	7	9	13	17	
10	5			10	14	19	20	21	22	23	17	16	12	9	8	5	
13	4			13	17	16	22	21	20	19	14	10	5	1	2	4	
4	23			4	7	6	2	1	0	5	10	8	9	13	17	23	
3	11			3	2	1	0	5	6	7	9	13	17	16	12	11	
3	20			3	2	1	0	5	6	7	9	13	12	11	15	20	
21	9			21	15	14	19	18	10	5	0	1	2	4	7	9	
0	13			0	1	2	3	4	7	6	5	10	14	15	11	12	13	
7	12			7	6	2	1	0	5	8	10	18	19	14	15	11	12	
21	10			21	22	16	17	13	9	7	4	2	3	6	5	10	
10	17			10	5	1	2	3	4	7	6	8	11	12	13	17	
8	4			8	10	14	19	20	15	21	22	16	12	9	7	4	
22	15			22	23	17	13	9	7	6	2	1	5	8	11	15	
5	2			5	10	14	19	20	21	22	16	12	9	7	4	2	
6	18			6	2	4	7	9	13	17	23	22	21	20	19	18	
10	14			10	5	1	2	4	3	6	7	9	8	11	15	14	
7	17			7	6	2	1	0	5	10	18	19	14	15	16	17	
6	13			6	2	1	0	5	10	14	19	20	15	11	12	13	
17	21			17	13	9	7	6	2	1	0	5	8	11	15	21	
19	23			19	14	10	5	0	1	2	4	7	9	13	17	23	
7	14			7	6	2	1	0	5	8	9	13	12	11	10	14	
23	4			23	22	21	15	14	19	18	10	11	8	6	2	4	
18	13			18	10	14	15	20	21	22	16	12	11	8	9	13	
12	22			12	9	7	6	2	1	0	5	8	11	15	16	22	
22	20			22	23	17	13	9	7	6	2	1	5	8	11	15	20	
2	19			2	3	6	7	9	13	12	11	8	5	10	14	19	
2	19			2	3	6	7	9	13	12	11	8	5	10	14	19	
7	10			7	4	2	3	6	5	8	9	13	17	16	12	11	10	
20	6			20	19	14	15	16	22	23	17	13	12	9	7	6	
18	15			18	10	5	1	2	4	3	6	7	9	8	11	15	
23	3			23	17	16	21	20	19	14	15	11	12	9	7	4	3	
22	23			22	21	20	19	14	10	5	1	2	4	7	9	13	17	23	
1	2			1	0	5	10	14	19	20	21	15	11	8	6	2	
2	23			2	4	7	6	5	10	18	19	14	15	16	17	23	
10	21			10	5	1	2	3	4	7	6	8	9	12	16	21	
19	0			19	20	21	16	17	13	12	9	7	4	2	1	0	
5	14			5	1	2	4	3	6	7	9	13	12	11	10	14	
7	2			7	9	13	17	16	22	21	20	15	11	8	6	2	
3	6			3	4	2	1	0	5	10	14	19	20	15	11	8	6	
21	22			21	20	19	18	10	5	1	2	4	7	9	12	16	22	
10	6			10	14	19	20	21	22	23	17	16	12	9	7	6	
8	7			8	10	14	19	20	15	21	22	23	17	13	9	7	
21	3			21	16	17	13	12	9	7	4	2	1	5	6	3	
19	20			19	18	10	5	1	2	4	3	6	8	11	15	20	
18	10			18	19	20	21	22	16	17	13	9	7	6	5	10	
3	1			3	4	7	9	13	17	16	22	21	15	11	8	5	1	
2	6			2	1	0	5	10	14	19	20	21	15	11	8	6	
23	0			23	17	16	21	20	15	11	12	13	9	8	5	0	
13	2			13	17	16	22	21	20	19	14	15	11	8	6	2	
14	4			14	15	21	22	23	17	16	12	11	8	6	2	4	
17	21			17	13	9	7	6	2	1	0	5	8	11	15	21	
22	13			22	21	20	15	14	10	5	0	1	2	4	7	9	13	
7	20			7	6	2	1	0	5	8	9	13	12	11	15	20	
10	21			10	5	1	2	3	4	7	6	8	9	12	16	21	
23	21			23	17	13	9	7	6	2	1	5	8	11	15	21	
14	22			14	10	5	1	2	3	4	7	6	8	9	12	16	22	
0	16			0	5	6	2	3	4	7	9	8	10	11	12	16	
11	22			11	8	5	1	2	3	4	7	9	13	12	16	22	
3	19			3	2	1	0	5	6	7	9	13	12	11	10	14	19	
11	23			11	10	5	1	2	3	4	7	6	8	9	13	17	23	
3	14			3	2	1	0	5	6	7	9	13	12	11	10	14	
13	12			13	17	23	22	21	20	15	14	10	5	8	9	12	
17	23			17	13	9	7	6	2	1	5	8	11	12	16	22	23	
9	12			9	7	6	2	1	0	5	8	10	18	19	14	15	11	12	
18	20			18	10	5	1	2	4	3	6	7	9	8	11	15	20	
1	3			1	0	5	10	14	19	20	21	15	11	8	6	3	
4	12			4	7	6	2	1	0	5	8	10	18	19	14	15	11	12	
5	20			5	1	2	4	3	6	7	9	13	12	11	15	20	
3	2			3	4	7	9	13	17	16	22	21	15	11	8	6	2	
19	0			19	20	21	16	17	13	12	9	7	4	2	1	0	
10	6			10	14	19	20	21	22	23	17	16	12	9	7	6	
9	4			9	13	17	16	22	21	20	15	11	8	6	2	4	
0	4			0	5	10	14	19	20	15	21	16	12	9	7	4	
14	16			14	10	5	1	2	3	4	7	6	8	9	12	16	
8	11			8	6	2	4	7	9	13	17	23	22	16	12	11	
5	0			5	10	14	19	20	21	15	11	8	6	2	1	0	
12	16			12	9	7	6	2	1	0	5	8	10	11	15	16	
4	17			4	7	6	2	1	0	5	10	18	19	14	15	16	17	
6	23			6	5	1	2	3	4	7	9	8	11	12	13	17	23	
7	6			7	4	2	1	0	5	10	14	19	20	15	11	8	6	
13	23			13	9	7	6	2	1	5	8	11	12	16	17	23	
17	4			17	16	22	21	20	19	14	15	11	8	6	2	4	
5	17			5	1	2	3	4	7	6	8	10	11	12	13	17	
1	22			1	5	6	2	3	4	7	9	8	11	12	16	22	
19	8			19	20	21	16	17	13	12	9	7	4	2	6	8	
0	9			0	1	2	3	4	7	6	5	10	14	15	11	8	9	
3	13			3	2	1	0	5	6	7	9	8	10	11	12	13	
14	23			14	10	5	1	2	3	4	7	6	8	9	13	17	23	
14	23			14	10	5	1	2	3	4	7	6	8	9	13	17	23	
22	14			22	23	17	13	9	7	6	2	1	0	5	10	14	
3	21			3	6	5	1	2	4	7	9	8	10	11	15	21	
10	5			10	14	19	20	21	22	23	17	16	12	9	8	5	
0	21			0	5	6	2	3	4	7	9	8	10	11	15	21	
6	1			6	7	9	13	17	16	22	21	15	11	8	5	1	
5	14			5	1	2	4	3	6	7	9	13	12	11	10	14	
13	4			13	17	16	22	21	20	19	14	10	5	1	2	4	
7	13			7	6	2	1	0	5	10	18	19	14	15	11	12	13	
2	18			2	3	6	7	9	13	17	23	22	21	20	19	18	
21	7			21	15	14	19	18	10	11	8	5	0	1	2	4	7	
18	19			18	10	5	1	2	4	3	6	8	11	15	14	19	
5	12			5	1	2	3	4	7	6	8	10	18	19	14	15	11	12	
5	0			5	10	14	19	20	21	15	11	8	6	2	1	0	
11	21			11	8	6	5	1	2	3	4	7	9	12	16	21	
15	17			15	11	10	5	1	2	3	4	7	6	8	9	13	17	
3	10			3	4	2	1	0	5	6	7	9	13	12	11	10	
14	22			14	10	5	1	2	3	4	7	6	8	9	12	16	22	
17	4			17	16	22	21	20	19	14	15	11	8	6	2	4	
3	7			3	2	1	0	5	10	14	19	20	15	11	8	6	7	
23	18			23	22	16	12	13	9	7	4	2	1	5	10	18	
15	1			15	16	21	20	19	14	10	11	12	9	8	5	1	
14	23			14	10	5	1	2	3	4	7	6	8	9	13	17	23	
16	7			16	15	14	19	18	10	11	8	5	0	1	2	4	7	
12	23			12	11	10	5	1	2	3	4	7	9	13	17	23	
17	22			17	13	9	7	6	2	1	5	8	11	12	16	22	
3	21			3	6	5	1	2	4	7	9	8	10	11	15	21	
23	3			23	17	16	21	20	19	14	15	11	12	9	7	4	3	
7	9			7	6	2	1	0	5	10	18	19	14	15	11	8	9	
9	10			9	7	4	2	3	6	5	8	11	12	16	15	14	10	
19	8			19	20	21	16	17	13	12	9	7	4	2	6	8	
2	7			2	1	0	5	10	14	19	20	15	11	8	6	7	
0	8			0	1	2	4	3	6	7	9	13	17	16	12	11	8	
4	5			4	2	3	6	7	9	13	17	16	12	11	8	5	
15	0			15	16	21	20	19	14	10	11	12	9	8	5	0	
12	22			12	9	7	6	2	1	0	5	8	11	15	16	22	
15	1			15	16	21	20	19	14	10	11	12	9	8	5	1	
14	7			14	15	21	22	23	17	16	12	11	10	5	6	7	
2	4			2	1	0	5	10	14	19	20	15	11	8	6	3	4	
12	16			12	9	7	6	2	1	0	5	8	10	11	15	16	
0	21			0	5	6	2	3	4	7	9	8	10	11	15	21	
2	7			2	1	0	5	10	14	19	20	15	11	8	6	7	
22	12			22	23	17	13	9	7	6	2	1	5	8	11	12	
3	2			3	4	7	9	13	17	16	22	21	15	11	8	6	2	
0	8			0	1	2	4	3	6	7	9	13	17	16	12	11	8	
23	2			23	17	16	21	20	19	14	15	11	12	9	7	4	2	
18	0			18	19	20	21	16	17	13	12	9	7	6	5	0	
2	21			2	6	5	8	9	13	12	11	10	18	19	20	21	
21	13			21	20	15	14	10	5	0	1	2	4	7	9	13	
15	12			15	14	10	5	1	2	3	4	7	6	8	9	12	
3	13			3	2	1	0	5	6	7	9	8	10	11	12	13	
22	18			22	16	17	13	9	7	4	2	3	6	5	10	18	
11	23			11	10	5	1	2	3	4	7	6	8	9	13	17	23	
0	13			0	1	2	3	4	7	6	5	10	14	15	11	12	13	
12	3			12	16	17	13	9	7	4	2	1	0	5	6	3	
7	11			7	6	2	1	0	5	8	9	13	17	16	12	11	
3	13			3	2	1	0	5	6	7	9	8	10	11	12	13	
10	4			10	14	19	20	15	21	22	23	17	13	9	7	4	
19	21			19	18	10	5	1	2	3	4	7	9	12	16	21	
22	21			22	23	17	13	9	7	6	2	1	5	8	11	15	21	
9	3			9	13	17	16	22	21	20	19	14	10	5	6	3	
19	20			19	18	10	5	1	2	4	3	6	8	11	15	20	
16	18			16	22	21	15	11	12	13	9	7	6	5	10	18	
21	17			21	20	19	14	10	5	0	1	2	4	7	9	13	17	
1	13			1	0	5	6	2	3	4	7	9	8	11	12	13	
14	20			14	10	5	1	2	4	3	6	7	9	8	11	15	20	
14	23			14	10	5	1	2	3	4	7	6	8	9	13	17	23	
4	12			4	7	6	2	1	0	5	8	10	18	19	14	15	11	12	
14	15			14	10	5	1	2	4	3	6	7	9	8	11	15	
6	22			6	5	1	2	3	4	7	9	8	11	12	16	22	
3	22			3	4	7	6	5	8	10	18	19	14	15	16	22	
14	4			14	15	21	22	23	17	16	12	11	8	6	2	4	
14	22			14	10	5	1	2	3	4	7	6	8	9	12	16	22	
7	18			7	6	2	1	0	5	8	9	13	12	11	10	18	
1	6			1	0	5	10	14	19	20	21	22	16	12	9	7	6	
15	13			15	14	10	5	1	2	3	4	7	6	8	9	13	
22	9			22	21	15	14	19	18	10	5	0	1	2	4	7	9	
6	15			6	2	4	7	9	13	12	11	8	5	10	14	15	
2	12			2	4	7	6	5	8	10	18	19	14	15	11	12	
18	15			18	10	5	1	2	4	3	6	7	9	8	11	15	
23	18			23	22	16	12	13	9	7	4	2	1	5	10	18	
12	4			12	16	15	14	19	18	10	11	8	5	1	2	4	
17	20			17	13	9	7	6	2	1	0	5	8	11	15	20	
2	12			2	4	7	6	5	8	10	18	19	14	15	11	12	
21	13			21	20	15	14	10	5	0	1	2	4	7	9	13	
0	4			0	5	10	14	19	20	15	21	16	12	9	7	4	
3	14			3	2	1	0	5	6	7	9	13	12	11	10	14	
4	10			4	2	3	6	7	9	13	17	16	22	21	15	11	10	
6	17			6	5	1	2	3	4	7	9	8	11	12	13	17	
20	21			20	19	18	10	5	1	2	3	6	8	11	15	21	
4	18			4	2	3	6	7	9	13	12	16	15	11	10	18	
10	19			10	5	1	2	4	3	6	7	9	8	11	15	14	19	
12	20			12	9	7	6	2	1	0	5	8	10	11	15	20	
19	4			19	14	15	21	22	23	17	16	12	11	8	6	2	4	
6	20			6	2	4	7	9	13	12	11	8	10	14	15	20	
0	23			0	5	6	2	3	4	7	9	8	11	12	13	17	23	
7	12			7	6	2	1	0	5	8	10	18	19	14	15	11	12	
8	11			8	6	2	4	7	9	13	17	23	22	16	12	11	
16	7			16	15	14	19	18	10	11	8	5	0	1	2	4	7	
0	22			0	5	6	2	3	4	7	9	8	11	12	16	22	
17	4			17	16	22	21	20	19	14	15	11	8	6	2	4	
23	16			23	17	13	9	7	6	2	1	5	8	11	12	16	
7	20			7	6	2	1	0	5	8	9	13	12	11	15	20	
0	1			0	5	10	14	19	20	21	15	11	8	6	2	1	
2	11			2	1	0	5	6	7	9	13	17	23	22	16	12	11	
23	13			23	22	21	20	15	14	10	5	1	2	4	7	9	13	
21	23			21	20	19	14	10	5	1	2	4	7	9	13	17	23	
19	10			19	20	21	22	16	17	13	9	7	4	2	1	5	10	
7	20			7	6	2	1	0	5	8	9	13	12	11	15	20	
4	5			4	2	3	6	7	9	13	17	16	12	11	8	5	
3	12			3	4	7	6	5	8	10	18	19	14	15	11	12	
14	19			14	10	5	1	2	4	3	6	8	11	15	20	19	
23	15			23	17	13	9	7	6	2	1	0	5	8	11	15	
2	13			2	1	0	5	6	3	4	7	9	8	11	12	13	
20	21			20	19	18	10	5	1	2	3	6	8	11	15	21	
1	3			1	0	5	10	14	19	20	21	15	11	8	6	3	
21	17			21	20	19	14	10	5	0	1	2	4	7	9	13	17	
23	15			23	17	13	9	7	6	2	1	0	5	8	11	15	
3	7			3	2	1	0	5	10	14	19	20	15	11	8	6	7	
2	18			2	3	6	7	9	13	17	23	22	21	20	19	18	
3	19			3	2	1	0	5	6	7	9	13	12	11	10	14	19	
9	6			9	13	17	16	22	21	20	19	14	15	11	8	6	
20	18			20	21	22	16	17	13	9	7	4	2	1	5	10	18	
9	18			9	7	6	2	1	0	5	8	11	12	16	15	14	10	18	
5	13			5	1	2	3	4	7	6	8	10	14	15	11	12	13	
22	23			22	21	20	19	14	10	5	1	2	4	7	9	13	17	23	
16	12			16	21	20	15	14	10	5	0	1	2	4	7	9	12	
7	11			7	6	2	1	0	5	8	9	13	17	16	12	11	
4	21			4	7	6	2	1	0	5	8	9	13	12	16	21	
0	5			0	1	2	4	3	6	7	9	13	12	11	8	5	
4	5			4	2	3	6	7	9	13	17	16	12	11	8	5	
21	14			21	22	23	17	13	9	7	6	2	1	5	10	14	
22	3			22	16	17	13	12	9	7	4	2	1	5	6	3	
21	3			21	16	17	13	12	9	7	4	2	1	5	6	3	
15	10			15	21	22	16	17	13	9	7	4	2	1	5	10	
8	11			8	6	2	4	7	9	13	17	23	22	16	12	11	
22	16			22	23	17	13	9	7	6	2	1	5	8	11	12	16	
3	8			3	4	2	1	0	5	6	7	9	13	12	11	8	
15	22			15	14	10	5	1	2	3	4	7	9	12	16	22	
0	10			0	1	2	4	3	6	7	9	13	17	16	12	11	10	
5	18			5	1	2	4	3	6	7	9	13	12	11	10	18	
10	23			10	5	1	2	3	4	7	6	8	9	13	17	23	
3	13			3	2	1	0	5	6	7	9	8	10	11	12	13	
6	15			6	2	4	7	9	13	12	11	8	5	10	14	15	
7	19			7	6	2	1	0	5	8	9	12	11	10	14	19	
4	6			4	2	1	0	5	10	14	19	20	15	11	8	6	
9	18			9	7	6	2	1	0	5	8	11	12	16	15	14	10	18	
3	8			3	4	2	1	0	5	6	7	9	13	12	11	8	
23	21			23	17	13	9	7	6	2	1	5	8	11	15	21	
20	2			20	19	14	15	16	22	23	17	13	9	7	4	2	
SFC Num: 707
