The Length of SFC is: 14
SFCSourceID	SFCSinkID			The Nodes of the Path
9	16			9	7	6	2	1	0	5	8	10	18	19	14	15	16	
20	3			20	19	14	15	16	22	23	17	13	12	9	7	4	3	
23	21			23	17	13	9	7	6	2	1	0	5	8	11	15	21	
0	2			0	5	10	14	19	20	21	22	16	12	9	7	4	2	
15	1			15	16	21	20	19	14	10	11	12	13	9	8	5	1	
9	12			9	7	6	2	1	0	5	8	10	18	19	14	15	11	12	
9	12			9	7	6	2	1	0	5	8	10	18	19	14	15	11	12	
19	10			19	20	21	22	16	17	13	9	7	4	2	1	5	10	
18	22			18	10	5	1	2	3	4	7	6	8	9	12	16	22	
9	16			9	7	6	2	1	0	5	8	10	18	19	14	15	16	
0	5			0	1	2	4	3	6	7	9	13	17	16	12	11	8	5	
10	19			10	5	1	2	4	3	6	7	9	8	11	15	14	19	
15	16			15	14	10	5	1	2	3	4	7	6	8	9	12	16	
10	18			10	5	1	2	4	3	6	7	9	8	11	15	14	19	18	
6	1			6	7	9	13	17	16	22	21	20	15	11	8	5	1	
7	18			7	6	2	1	0	5	8	9	13	17	16	12	11	10	18	
8	13			8	5	1	2	3	4	7	9	12	11	15	16	17	13	
17	2			17	16	22	21	20	19	14	15	11	12	9	7	4	2	
22	20			22	23	17	13	9	7	6	2	1	5	8	11	15	20	
2	10			2	4	3	6	7	9	13	17	16	22	21	15	11	10	
3	1			3	4	7	9	13	17	16	22	21	15	11	8	5	1	
6	22			6	5	1	2	3	4	7	9	8	10	11	12	16	22	
22	13			22	21	20	15	14	10	5	0	1	2	4	7	9	13	
10	19			10	5	1	2	4	3	6	7	9	8	11	15	14	19	
7	13			7	6	2	1	0	5	10	18	19	14	15	11	12	13	
2	7			2	1	0	5	10	14	19	20	15	21	16	12	9	7	
8	18			8	9	7	6	2	1	0	5	10	11	15	14	19	18	
22	12			22	23	17	13	9	7	6	2	1	0	5	8	11	12	
23	22			23	17	13	9	7	6	2	1	5	8	11	12	16	22	
14	1			14	15	16	21	20	19	18	10	11	12	9	8	5	1	
22	23			22	21	20	19	14	10	5	1	2	4	7	9	13	17	23	
20	22			20	19	18	10	5	1	2	3	4	7	9	12	16	22	
17	4			17	16	22	21	20	19	14	15	11	10	5	1	2	4	
22	19			22	23	17	13	9	7	6	2	1	0	5	10	14	19	
14	22			14	10	5	1	2	3	4	7	6	8	9	12	16	22	
19	10			19	20	21	22	16	17	13	9	7	4	2	1	5	10	
0	2			0	5	10	14	19	20	21	22	16	12	9	7	4	2	
4	16			4	7	6	2	1	0	5	8	10	18	19	14	15	16	
2	1			2	4	3	6	7	9	13	17	16	12	11	8	5	1	
18	14			18	10	5	1	2	4	3	6	7	9	8	11	15	14	
0	8			0	1	2	4	3	6	7	9	13	17	16	12	11	8	
12	23			12	11	10	5	1	2	3	4	7	6	8	9	13	17	23	
7	2			7	9	13	17	16	22	21	20	19	14	10	5	1	2	
5	10			5	1	2	4	3	6	7	9	13	17	16	12	11	10	
21	12			21	20	15	14	10	5	0	1	2	3	4	7	9	12	
3	4			3	6	5	10	14	19	20	15	21	16	12	9	7	4	
17	22			17	13	9	7	6	2	1	0	5	8	11	12	16	22	
1	3			1	0	5	10	14	19	20	21	22	16	12	9	7	4	3	
15	22			15	14	10	5	1	2	3	4	7	6	8	9	12	16	22	
5	22			5	1	2	3	4	7	6	8	10	18	19	20	21	22	
10	1			10	14	19	20	21	22	23	17	16	12	9	8	5	1	
17	13			17	23	22	21	20	15	14	10	5	1	2	4	7	9	13	
9	22			9	7	6	2	1	0	5	8	10	18	19	20	21	22	
8	13			8	5	1	2	3	4	7	9	12	11	15	16	17	13	
23	18			23	22	16	12	13	9	7	4	2	3	6	5	10	18	
22	23			22	21	20	19	14	10	5	1	2	4	7	9	13	17	23	
5	8			5	1	2	4	3	6	7	9	13	17	16	12	11	8	
4	5			4	2	3	6	7	9	13	17	16	22	21	15	11	8	5	
4	23			4	7	6	2	1	0	5	10	18	19	20	21	22	23	
5	1			5	10	14	19	20	21	22	16	12	9	7	4	2	1	
3	18			3	2	1	0	5	6	7	9	13	17	16	12	11	10	18	
13	4			13	17	16	22	21	20	19	14	15	11	8	6	2	4	
4	8			4	2	1	0	5	6	7	9	13	17	16	12	11	8	
21	19			21	22	23	17	13	9	7	6	2	1	5	10	14	19	
16	18			16	22	21	15	11	12	13	9	7	4	2	1	5	10	18	
10	1			10	14	19	20	21	22	23	17	16	12	9	8	5	1	
16	7			16	15	14	19	18	10	11	8	5	0	1	2	4	7	
20	2			20	19	14	15	16	22	23	17	13	12	9	7	4	2	
10	4			10	14	19	20	15	21	22	23	17	16	12	9	7	4	
6	20			6	2	4	7	9	13	12	11	8	5	10	14	15	20	
4	16			4	7	6	2	1	0	5	8	10	18	19	14	15	16	
21	12			21	20	15	14	10	5	0	1	2	3	4	7	9	12	
6	23			6	5	1	2	3	4	7	9	8	11	12	13	17	23	
5	0			5	10	14	19	20	21	22	16	12	9	7	4	2	1	0	
4	6			4	2	1	0	5	10	14	19	20	21	15	11	8	6	
0	4			0	5	10	14	19	20	15	21	22	16	12	9	7	4	
18	4			18	10	14	15	20	21	22	23	17	16	12	9	7	4	
18	14			18	10	5	1	2	4	3	6	7	9	8	11	15	14	
20	3			20	19	14	15	16	22	23	17	13	12	9	7	4	3	
20	22			20	19	18	10	5	1	2	3	4	7	9	12	16	22	
9	11			9	7	6	2	1	0	5	8	10	18	19	14	15	11	
22	21			22	23	17	13	9	7	6	2	1	5	8	11	15	21	
1	8			1	0	5	6	7	9	13	17	23	22	16	12	11	8	
14	1			14	15	16	21	20	19	18	10	11	12	9	8	5	1	
7	2			7	9	13	17	16	22	21	20	19	14	10	5	1	2	
21	17			21	20	19	14	10	5	0	1	2	4	7	9	13	17	
13	4			13	17	16	22	21	20	19	14	15	11	8	6	2	4	
5	22			5	1	2	3	4	7	6	8	10	18	19	20	21	22	
12	17			12	11	10	5	1	2	3	4	7	6	8	9	13	17	
15	23			15	14	10	5	1	2	3	4	7	6	8	9	13	17	23	
17	23			17	13	9	7	6	2	1	5	8	11	12	16	22	23	
5	17			5	1	2	3	4	7	6	8	10	18	19	14	15	16	17	
8	18			8	9	7	6	2	1	0	5	10	11	15	14	19	18	
10	19			10	5	1	2	4	3	6	7	9	8	11	15	14	19	
10	2			10	14	19	20	21	22	23	17	16	12	9	7	4	2	
15	19			15	11	12	13	9	7	6	2	1	0	5	10	14	19	
0	13			0	1	2	3	4	7	6	5	10	14	15	11	12	13	
17	12			17	23	22	21	20	15	14	10	5	1	2	4	7	9	12	
4	12			4	7	6	2	1	0	5	8	10	18	19	14	15	11	12	
17	22			17	13	9	7	6	2	1	0	5	8	11	12	16	22	
1	18			1	2	3	6	7	9	13	17	23	22	21	20	19	18	
11	23			11	10	5	1	2	3	4	7	6	8	9	13	17	23	
4	16			4	7	6	2	1	0	5	8	10	18	19	14	15	16	
4	17			4	7	6	2	1	0	5	10	18	19	14	15	16	17	
6	3			6	8	11	15	21	22	23	17	16	12	9	7	4	3	
2	10			2	4	3	6	7	9	13	17	16	22	21	15	11	10	
17	23			17	13	9	7	6	2	1	5	8	11	12	16	22	23	
9	22			9	7	6	2	1	0	5	8	10	18	19	20	21	22	
20	23			20	19	14	10	5	0	1	2	4	7	9	13	17	23	
12	22			12	9	7	6	2	1	0	5	8	10	11	15	16	22	
3	2			3	4	7	9	13	17	16	22	21	15	11	8	6	2	
7	23			7	6	2	1	0	5	10	18	19	14	15	16	17	23	
4	5			4	2	3	6	7	9	13	17	16	22	21	15	11	8	5	
18	4			18	10	14	15	20	21	22	23	17	16	12	9	7	4	
9	2			9	13	17	16	22	21	20	19	14	15	11	8	6	2	
20	3			20	19	14	15	16	22	23	17	13	12	9	7	4	3	
9	17			9	7	6	2	1	0	5	8	10	18	19	14	15	16	17	
16	7			16	15	14	19	18	10	11	8	5	0	1	2	4	7	
6	18			6	2	4	7	9	13	17	23	22	16	12	11	10	18	
5	1			5	10	14	19	20	21	22	16	12	9	7	4	2	1	
19	23			19	14	10	5	0	1	2	3	4	7	9	13	17	23	
21	18			21	22	16	17	13	9	7	4	2	3	6	5	10	18	
21	17			21	20	19	14	10	5	0	1	2	4	7	9	13	17	
4	5			4	2	3	6	7	9	13	17	16	22	21	15	11	8	5	
21	13			21	20	15	14	10	5	0	1	2	3	4	7	9	13	
13	17			13	9	7	6	2	1	0	5	8	10	11	12	16	17	
4	10			4	2	3	6	7	9	13	17	16	22	21	15	11	10	
3	0			3	4	7	9	13	17	16	22	21	15	11	8	5	0	
18	4			18	10	14	15	20	21	22	23	17	16	12	9	7	4	
9	2			9	13	17	16	22	21	20	19	14	15	11	8	6	2	
9	7			9	13	17	16	22	21	20	19	14	15	11	8	6	7	
3	1			3	4	7	9	13	17	16	22	21	15	11	8	5	1	
1	2			1	0	5	10	14	19	20	21	22	16	12	9	7	4	2	
1	0			1	2	4	3	6	7	9	13	17	16	12	11	8	5	0	
15	19			15	11	12	13	9	7	6	2	1	0	5	10	14	19	
19	4			19	14	15	21	22	23	17	16	12	11	8	6	2	4	
1	3			1	0	5	10	14	19	20	21	22	16	12	9	7	4	3	
14	20			14	10	5	1	2	4	3	6	7	9	8	11	15	20	
6	3			6	8	11	15	21	22	23	17	16	12	9	7	4	3	
12	22			12	9	7	6	2	1	0	5	8	10	11	15	16	22	
22	12			22	23	17	13	9	7	6	2	1	0	5	8	11	12	
8	4			8	10	14	19	20	15	21	22	23	17	13	9	7	4	
5	0			5	10	14	19	20	21	22	16	12	9	7	4	2	1	0	
9	13			9	7	6	2	1	0	5	8	10	18	19	14	15	11	12	13	
4	3			4	7	9	13	17	16	22	21	20	15	11	8	6	3	
8	4			8	10	14	19	20	15	21	22	23	17	13	9	7	4	
4	8			4	2	1	0	5	6	7	9	13	17	16	12	11	8	
10	14			10	5	1	2	4	3	6	7	9	13	12	11	15	14	
7	3			7	9	13	17	16	22	21	20	19	14	10	5	6	3	
19	16			19	18	10	5	1	2	3	4	7	6	8	9	12	16	
15	17			15	11	10	5	1	2	3	4	7	6	8	9	13	17	
16	23			16	12	11	10	5	1	2	3	4	7	9	13	17	23	
19	22			19	18	10	5	1	2	3	4	7	6	8	9	12	16	22	
21	20			21	22	23	17	13	9	7	6	2	1	5	8	11	15	20	
1	3			1	0	5	10	14	19	20	21	22	16	12	9	7	4	3	
9	17			9	7	6	2	1	0	5	8	10	18	19	14	15	16	17	
22	16			22	23	17	13	9	7	6	2	1	5	8	11	12	16	
21	16			21	20	19	18	10	5	1	2	3	4	7	9	12	16	
4	16			4	7	6	2	1	0	5	8	10	18	19	14	15	16	
15	16			15	14	10	5	1	2	3	4	7	6	8	9	12	16	
5	19			5	1	2	4	3	6	7	9	13	12	11	10	14	19	
10	3			10	14	19	20	21	22	23	17	16	12	9	7	4	3	
0	4			0	5	10	14	19	20	15	21	22	16	12	9	7	4	
5	9			5	1	2	3	4	7	6	8	10	18	19	14	15	11	12	9	
13	17			13	9	7	6	2	1	0	5	8	10	11	12	16	17	
17	3			17	16	22	21	20	19	14	15	11	12	9	7	4	3	
9	7			9	13	17	16	22	21	20	19	14	15	11	8	6	7	
19	10			19	20	21	22	16	17	13	9	7	4	2	1	5	10	
19	15			19	18	10	5	1	2	4	3	6	7	9	8	11	15	
17	4			17	16	22	21	20	19	14	15	11	10	5	1	2	4	
4	23			4	7	6	2	1	0	5	10	18	19	20	21	22	23	
20	17			20	19	14	10	5	0	1	2	3	4	7	9	13	17	
15	23			15	14	10	5	1	2	3	4	7	6	8	9	13	17	23	
21	16			21	20	19	18	10	5	1	2	3	4	7	9	12	16	
8	18			8	9	7	6	2	1	0	5	10	11	15	14	19	18	
23	13			23	22	21	20	15	14	10	5	0	1	2	4	7	9	13	
16	7			16	15	14	19	18	10	11	8	5	0	1	2	4	7	
9	23			9	7	6	2	1	0	5	8	10	11	12	13	17	23	
4	23			4	7	6	2	1	0	5	10	18	19	20	21	22	23	
14	19			14	10	5	1	2	4	3	6	7	9	8	11	15	20	19	
9	23			9	7	6	2	1	0	5	8	10	11	12	13	17	23	
19	16			19	18	10	5	1	2	3	4	7	6	8	9	12	16	
5	9			5	1	2	3	4	7	6	8	10	18	19	14	15	11	12	9	
4	10			4	2	3	6	7	9	13	17	16	22	21	15	11	10	
3	19			3	2	1	0	5	6	7	9	13	12	11	10	14	19	
4	2			4	7	9	13	17	16	22	21	20	15	11	8	6	2	
0	23			0	5	6	2	3	4	7	9	8	11	12	13	17	23	
6	20			6	2	4	7	9	13	12	11	8	5	10	14	15	20	
2	4			2	1	0	5	10	14	19	20	15	11	8	6	3	4	
22	13			22	21	20	15	14	10	5	0	1	2	4	7	9	13	
15	0			15	16	21	20	19	14	10	11	12	13	9	8	5	0	
21	17			21	20	19	14	10	5	0	1	2	4	7	9	13	17	
13	23			13	9	7	6	2	1	0	5	8	11	12	16	17	23	
1	8			1	0	5	6	7	9	13	17	23	22	16	12	11	8	
2	11			2	1	0	5	6	7	9	13	17	23	22	16	12	11	
22	12			22	23	17	13	9	7	6	2	1	0	5	8	11	12	
15	22			15	14	10	5	1	2	3	4	7	6	8	9	12	16	22	
17	13			17	23	22	21	20	15	14	10	5	1	2	4	7	9	13	
20	19			20	21	22	23	17	13	9	7	6	2	1	5	10	14	19	
21	7			21	15	14	19	18	10	11	8	5	0	1	2	4	7	
1	6			1	0	5	10	14	19	20	21	22	16	12	9	7	6	
14	0			14	15	16	21	20	19	18	10	11	12	9	8	5	0	
2	18			2	3	6	7	9	13	17	23	22	16	12	11	10	18	
6	1			6	7	9	13	17	16	22	21	20	15	11	8	5	1	
14	1			14	15	16	21	20	19	18	10	11	12	9	8	5	1	
7	23			7	6	2	1	0	5	10	18	19	14	15	16	17	23	
3	19			3	2	1	0	5	6	7	9	13	12	11	10	14	19	
22	12			22	23	17	13	9	7	6	2	1	0	5	8	11	12	
8	23			8	5	1	2	3	4	7	9	12	11	15	16	17	23	
14	23			14	10	5	1	2	3	4	7	6	8	9	13	17	23	
8	13			8	5	1	2	3	4	7	9	12	11	15	16	17	13	
10	23			10	5	1	2	3	4	7	6	8	11	12	13	17	23	
12	17			12	11	10	5	1	2	3	4	7	6	8	9	13	17	
4	18			4	2	3	6	7	9	13	12	16	22	21	20	19	18	
0	23			0	5	6	2	3	4	7	9	8	11	12	13	17	23	
7	13			7	6	2	1	0	5	10	18	19	14	15	11	12	13	
0	17			0	5	6	2	3	4	7	9	8	10	11	12	13	17	
22	21			22	23	17	13	9	7	6	2	1	5	8	11	15	21	
1	6			1	0	5	10	14	19	20	21	22	16	12	9	7	6	
3	0			3	4	7	9	13	17	16	22	21	15	11	8	5	0	
21	16			21	20	19	18	10	5	1	2	3	4	7	9	12	16	
17	13			17	23	22	21	20	15	14	10	5	1	2	4	7	9	13	
19	23			19	14	10	5	0	1	2	3	4	7	9	13	17	23	
20	17			20	19	14	10	5	0	1	2	3	4	7	9	13	17	
1	22			1	5	6	2	3	4	7	9	8	10	11	12	16	22	
4	17			4	7	6	2	1	0	5	10	18	19	14	15	16	17	
23	20			23	17	13	9	7	6	2	1	0	5	8	11	15	20	
8	13			8	5	1	2	3	4	7	9	12	11	15	16	17	13	
6	17			6	5	1	2	3	4	7	9	8	10	11	12	13	17	
2	6			2	1	0	5	10	14	19	20	21	22	16	12	9	7	6	
22	9			22	21	15	14	19	18	10	5	0	1	2	4	7	9	
6	3			6	8	11	15	21	22	23	17	16	12	9	7	4	3	
5	10			5	1	2	4	3	6	7	9	13	17	16	12	11	10	
2	10			2	4	3	6	7	9	13	17	16	22	21	15	11	10	
6	17			6	5	1	2	3	4	7	9	8	10	11	12	13	17	
7	13			7	6	2	1	0	5	10	18	19	14	15	11	12	13	
1	8			1	0	5	6	7	9	13	17	23	22	16	12	11	8	
15	19			15	11	12	13	9	7	6	2	1	0	5	10	14	19	
13	17			13	9	7	6	2	1	0	5	8	10	11	12	16	17	
4	22			4	7	6	2	1	0	5	8	10	18	19	20	21	22	
23	13			23	22	21	20	15	14	10	5	0	1	2	4	7	9	13	
4	0			4	3	2	6	7	9	13	17	16	12	11	8	5	0	
19	10			19	20	21	22	16	17	13	9	7	4	2	1	5	10	
1	2			1	0	5	10	14	19	20	21	22	16	12	9	7	4	2	
14	22			14	10	5	1	2	3	4	7	6	8	9	12	16	22	
23	16			23	17	13	9	7	6	2	1	0	5	8	11	12	16	
22	17			22	21	20	19	14	10	5	0	1	2	4	7	9	13	17	
16	18			16	22	21	15	11	12	13	9	7	4	2	1	5	10	18	
5	2			5	10	14	19	20	21	22	23	17	13	9	7	4	2	
19	10			19	20	21	22	16	17	13	9	7	4	2	1	5	10	
3	18			3	2	1	0	5	6	7	9	13	17	16	12	11	10	18	
1	17			1	5	6	2	3	4	7	9	8	10	11	12	13	17	
5	10			5	1	2	4	3	6	7	9	13	17	16	12	11	10	
14	23			14	10	5	1	2	3	4	7	6	8	9	13	17	23	
18	14			18	10	5	1	2	4	3	6	7	9	8	11	15	14	
19	10			19	20	21	22	16	17	13	9	7	4	2	1	5	10	
2	3			2	1	0	5	10	14	19	20	21	15	11	8	6	3	
4	3			4	7	9	13	17	16	22	21	20	15	11	8	6	3	
14	23			14	10	5	1	2	3	4	7	6	8	9	13	17	23	
8	23			8	5	1	2	3	4	7	9	12	11	15	16	17	23	
14	0			14	15	16	21	20	19	18	10	11	12	9	8	5	0	
6	22			6	5	1	2	3	4	7	9	8	10	11	12	16	22	
14	19			14	10	5	1	2	4	3	6	7	9	8	11	15	20	19	
6	4			6	5	10	14	19	20	15	21	22	16	12	9	7	4	
6	1			6	7	9	13	17	16	22	21	20	15	11	8	5	1	
1	7			1	0	5	10	14	19	20	15	21	22	16	12	9	7	
20	21			20	19	18	10	5	1	2	3	4	7	9	12	16	21	
9	12			9	7	6	2	1	0	5	8	10	18	19	14	15	11	12	
22	20			22	23	17	13	9	7	6	2	1	5	8	11	15	20	
13	4			13	17	16	22	21	20	19	14	15	11	8	6	2	4	
4	16			4	7	6	2	1	0	5	8	10	18	19	14	15	16	
19	15			19	18	10	5	1	2	4	3	6	7	9	8	11	15	
16	13			16	21	20	15	14	10	5	0	1	2	4	7	9	13	
16	22			16	12	9	7	6	2	1	0	5	8	11	15	21	22	
22	9			22	21	15	14	19	18	10	5	0	1	2	4	7	9	
2	7			2	1	0	5	10	14	19	20	15	21	16	12	9	7	
9	19			9	7	6	2	1	0	5	8	11	12	16	15	14	19	
10	1			10	14	19	20	21	22	23	17	16	12	9	8	5	1	
2	5			2	4	3	6	7	9	13	17	16	22	21	15	11	8	5	
2	3			2	1	0	5	10	14	19	20	21	15	11	8	6	3	
10	18			10	5	1	2	4	3	6	7	9	8	11	15	14	19	18	
9	13			9	7	6	2	1	0	5	8	10	18	19	14	15	11	12	13	
5	18			5	1	2	4	3	6	7	9	13	17	16	12	11	10	18	
3	6			3	4	2	1	0	5	10	14	19	20	15	11	8	6	
22	17			22	21	20	19	14	10	5	0	1	2	4	7	9	13	17	
3	1			3	4	7	9	13	17	16	22	21	15	11	8	5	1	
10	4			10	14	19	20	15	21	22	23	17	16	12	9	7	4	
1	8			1	0	5	6	7	9	13	17	23	22	16	12	11	8	
19	4			19	14	15	21	22	23	17	16	12	11	8	6	2	4	
4	16			4	7	6	2	1	0	5	8	10	18	19	14	15	16	
20	23			20	19	14	10	5	0	1	2	4	7	9	13	17	23	
2	10			2	4	3	6	7	9	13	17	16	22	21	15	11	10	
2	3			2	1	0	5	10	14	19	20	21	15	11	8	6	3	
7	18			7	6	2	1	0	5	8	9	13	17	16	12	11	10	18	
23	2			23	17	16	21	20	19	14	15	11	12	9	7	4	2	
2	1			2	4	3	6	7	9	13	17	16	12	11	8	5	1	
16	13			16	21	20	15	14	10	5	0	1	2	4	7	9	13	
5	0			5	10	14	19	20	21	22	16	12	9	7	4	2	1	0	
1	6			1	0	5	10	14	19	20	21	22	16	12	9	7	6	
22	17			22	21	20	19	14	10	5	0	1	2	4	7	9	13	17	
14	22			14	10	5	1	2	3	4	7	6	8	9	12	16	22	
5	19			5	1	2	4	3	6	7	9	13	12	11	10	14	19	
0	2			0	5	10	14	19	20	21	22	16	12	9	7	4	2	
14	1			14	15	16	21	20	19	18	10	11	12	9	8	5	1	
9	18			9	7	6	2	1	0	5	8	11	12	16	15	14	10	18	
7	9			7	6	2	1	0	5	10	18	19	14	15	11	8	9	
22	9			22	21	15	14	19	18	10	5	0	1	2	4	7	9	
18	14			18	10	5	1	2	4	3	6	7	9	8	11	15	14	
19	23			19	14	10	5	0	1	2	3	4	7	9	13	17	23	
3	4			3	6	5	10	14	19	20	15	21	16	12	9	7	4	
7	3			7	9	13	17	16	22	21	20	19	14	10	5	6	3	
3	19			3	2	1	0	5	6	7	9	13	12	11	10	14	19	
9	4			9	13	17	16	22	21	20	19	14	10	5	1	2	4	
11	23			11	10	5	1	2	3	4	7	6	8	9	13	17	23	
7	10			7	4	2	3	6	5	8	9	13	17	16	12	11	10	
14	20			14	10	5	1	2	4	3	6	7	9	8	11	15	20	
7	19			7	6	2	1	0	5	8	9	13	12	11	10	14	19	
5	1			5	10	14	19	20	21	22	16	12	9	7	4	2	1	
14	20			14	10	5	1	2	4	3	6	7	9	8	11	15	20	
20	14			20	21	22	23	17	13	9	7	6	2	1	5	10	14	
0	13			0	1	2	3	4	7	6	5	10	14	15	11	12	13	
14	19			14	10	5	1	2	4	3	6	7	9	8	11	15	20	19	
8	18			8	9	7	6	2	1	0	5	10	11	15	14	19	18	
6	23			6	5	1	2	3	4	7	9	8	11	12	13	17	23	
20	23			20	19	14	10	5	0	1	2	4	7	9	13	17	23	
15	0			15	16	21	20	19	14	10	11	12	13	9	8	5	0	
0	9			0	1	2	3	4	7	6	5	10	14	15	11	8	9	
3	1			3	4	7	9	13	17	16	22	21	15	11	8	5	1	
9	22			9	7	6	2	1	0	5	8	10	18	19	20	21	22	
9	7			9	13	17	16	22	21	20	19	14	15	11	8	6	7	
5	16			5	1	2	3	4	7	6	8	10	18	19	14	15	16	
6	4			6	5	10	14	19	20	15	21	22	16	12	9	7	4	
0	9			0	1	2	3	4	7	6	5	10	14	15	11	8	9	
21	7			21	15	14	19	18	10	11	8	5	0	1	2	4	7	
0	2			0	5	10	14	19	20	21	22	16	12	9	7	4	2	
10	20			10	5	1	2	4	3	6	7	9	13	12	11	15	20	
18	14			18	10	5	1	2	4	3	6	7	9	8	11	15	14	
1	18			1	2	3	6	7	9	13	17	23	22	21	20	19	18	
21	15			21	22	23	17	13	9	7	6	2	1	5	8	11	15	
13	4			13	17	16	22	21	20	19	14	15	11	8	6	2	4	
23	16			23	17	13	9	7	6	2	1	0	5	8	11	12	16	
9	7			9	13	17	16	22	21	20	19	14	15	11	8	6	7	
23	9			23	22	21	15	14	19	18	10	5	0	1	2	4	7	9	
4	5			4	2	3	6	7	9	13	17	16	22	21	15	11	8	5	
4	17			4	7	6	2	1	0	5	10	18	19	14	15	16	17	
21	19			21	22	23	17	13	9	7	6	2	1	5	10	14	19	
7	0			7	4	3	2	6	8	9	13	17	16	12	11	10	5	0	
22	13			22	21	20	15	14	10	5	0	1	2	4	7	9	13	
13	4			13	17	16	22	21	20	19	14	15	11	8	6	2	4	
20	19			20	21	22	23	17	13	9	7	6	2	1	5	10	14	19	
2	11			2	1	0	5	6	7	9	13	17	23	22	16	12	11	
9	2			9	13	17	16	22	21	20	19	14	15	11	8	6	2	
22	19			22	23	17	13	9	7	6	2	1	0	5	10	14	19	
9	13			9	7	6	2	1	0	5	8	10	18	19	14	15	11	12	13	
22	9			22	21	15	14	19	18	10	5	0	1	2	4	7	9	
5	23			5	1	2	3	4	7	6	8	10	11	12	13	17	23	
5	19			5	1	2	4	3	6	7	9	13	12	11	10	14	19	
23	17			23	22	21	20	19	14	10	5	1	2	4	7	9	13	17	
9	22			9	7	6	2	1	0	5	8	10	18	19	20	21	22	
1	8			1	0	5	6	7	9	13	17	23	22	16	12	11	8	
15	22			15	14	10	5	1	2	3	4	7	6	8	9	12	16	22	
19	4			19	14	15	21	22	23	17	16	12	11	8	6	2	4	
6	3			6	8	11	15	21	22	23	17	16	12	9	7	4	3	
2	6			2	1	0	5	10	14	19	20	21	22	16	12	9	7	6	
18	4			18	10	14	15	20	21	22	23	17	16	12	9	7	4	
5	4			5	10	14	19	20	15	21	22	23	17	13	9	7	4	
21	16			21	20	19	18	10	5	1	2	3	4	7	9	12	16	
7	10			7	4	2	3	6	5	8	9	13	17	16	12	11	10	
7	6			7	4	2	1	0	5	10	14	19	20	15	11	8	6	
1	4			1	0	5	10	14	19	20	15	21	16	12	9	7	4	
1	8			1	0	5	6	7	9	13	17	23	22	16	12	11	8	
14	10			14	15	21	22	16	17	13	9	7	4	2	1	5	10	
23	2			23	17	16	21	20	19	14	15	11	12	9	7	4	2	
SFC Num: 373
