The Length of SFC is: 5
SFCSourceID	SFCSinkID			The Nodes of the Path
9	3			9	12	11	8	6	3	
16	18			16	12	11	10	18	
12	18			12	13	9	8	10	18	
3	11			3	2	6	8	11	
22	13			22	21	16	12	13	
13	23			13	9	12	16	17	23	
10	18			10	11	15	14	19	18	
10	9			10	14	15	11	8	9	
0	20			0	5	8	11	15	20	
16	6			16	12	9	7	6	
4	7			4	2	1	5	6	7	
4	9			4	2	6	7	9	
7	8			7	4	2	6	8	
18	3			18	10	5	6	3	
4	17			4	7	9	13	17	
23	15			23	17	13	12	11	15	
13	8			13	17	16	12	9	8	
17	6			17	13	9	7	6	
20	2			20	15	11	8	6	2	
16	7			16	15	11	8	6	7	
18	12			18	10	5	8	9	12	
22	21			22	23	17	16	21	
10	17			10	8	9	13	17	
4	7			4	2	1	5	6	7	
7	19			7	6	5	10	14	19	
9	4			9	12	11	8	6	2	4	
8	1			8	9	7	4	2	1	
1	10			1	2	6	5	10	
5	17			5	8	9	13	17	
20	2			20	15	11	8	6	2	
4	21			4	7	9	12	16	21	
10	8			10	14	15	11	8	
21	7			21	16	12	9	7	
18	12			18	10	5	8	9	12	
4	18			4	2	1	5	10	18	
8	9			8	5	6	7	9	
13	11			13	17	16	12	11	
21	8			21	16	12	9	8	
14	15			14	10	5	8	11	15	
1	7			1	0	5	6	7	
9	20			9	8	11	15	20	
1	21			1	5	8	11	15	21	
9	21			9	7	6	8	11	15	21	
20	2			20	15	11	8	6	2	
23	15			23	17	13	12	11	15	
5	1			5	10	8	6	2	1	
10	22			10	11	12	16	22	
21	10			21	22	16	12	11	10	
10	8			10	14	15	11	8	
14	18			14	15	11	10	18	
1	18			1	2	6	5	10	18	
0	21			0	5	8	11	15	21	
19	10			19	20	15	11	10	
9	21			9	7	6	8	11	15	21	
21	11			21	22	16	12	11	
6	20			6	8	11	15	20	
8	16			8	5	10	11	12	16	
14	16			14	10	11	12	16	
6	15			6	7	9	8	11	15	
20	14			20	21	22	16	15	14	
16	3			16	12	9	7	4	3	
7	12			7	6	8	9	12	
3	14			3	6	5	10	14	
18	12			18	10	5	8	9	12	
10	17			10	8	9	13	17	
13	23			13	9	12	16	17	23	
22	8			22	16	12	9	8	
12	13			12	11	8	9	13	
19	9			19	14	10	8	9	
18	22			18	19	20	21	22	
9	3			9	12	11	8	6	3	
17	16			17	13	9	12	16	
3	17			3	4	7	9	13	17	
6	4			6	5	1	2	4	
10	23			10	8	9	13	17	23	
23	14			23	17	16	15	14	
16	4			16	12	9	7	4	
10	13			10	14	15	11	12	13	
20	14			20	21	22	16	15	14	
22	10			22	16	12	11	10	
18	10			18	19	20	15	11	10	
20	4			20	15	11	8	6	2	4	
2	5			2	4	3	6	5	
3	22			3	4	7	9	12	16	22	
5	4			5	10	8	6	2	4	
23	17			23	22	21	16	17	
10	16			10	5	8	9	12	16	
6	7			6	5	8	9	7	
23	16			23	17	13	12	16	
5	0			5	8	6	2	1	0	
9	13			9	7	6	8	11	12	13	
15	2			15	11	8	6	2	
2	9			2	1	5	8	9	
16	15			16	17	13	12	11	15	
23	22			23	17	13	12	16	22	
12	1			12	9	8	5	1	
10	2			10	14	15	11	8	6	2	
23	7			23	17	13	9	7	
11	22			11	8	9	12	16	22	
16	10			16	17	13	9	8	10	
8	18			8	9	12	11	10	18	
5	15			5	1	2	6	8	11	15	
21	18			21	16	12	11	10	18	
11	10			11	12	9	8	10	
13	5			13	17	16	12	9	8	5	
16	13			16	21	15	11	12	13	
3	2			3	4	7	6	2	
19	18			19	20	15	11	10	18	
20	23			20	19	14	15	16	17	23	
20	21			20	19	14	15	21	
21	19			21	22	16	15	14	19	
21	13			21	20	15	11	12	13	
10	3			10	14	15	11	8	6	3	
2	0			2	4	3	6	5	0	
7	13			7	6	8	9	13	
14	23			14	15	16	17	23	
3	13			3	4	7	9	13	
18	11			18	19	14	10	11	
16	11			16	17	13	12	11	
7	23			7	9	13	17	23	
21	4			21	16	12	9	7	4	
11	0			11	12	9	8	5	0	
18	10			18	19	20	15	11	10	
17	19			17	16	15	14	19	
11	16			11	8	9	12	16	
13	23			13	9	12	16	17	23	
11	22			11	8	9	12	16	22	
2	17			2	4	7	9	13	17	
6	9			6	2	4	7	9	
8	14			8	9	12	11	10	14	
4	5			4	2	3	6	5	
15	21			15	11	12	16	21	
8	20			8	5	10	11	15	20	
12	5			12	16	15	11	8	5	
6	10			6	3	2	1	5	10	
9	23			9	8	11	12	13	17	23	
0	16			0	5	8	9	12	16	
13	7			13	17	16	12	9	7	
21	1			21	15	11	8	5	1	
8	9			8	5	6	7	9	
7	0			7	4	2	1	0	
16	2			16	12	9	7	4	2	
15	3			15	11	8	6	3	
0	10			0	1	2	6	5	10	
4	11			4	2	6	8	11	
1	11			1	0	5	8	11	
6	16			6	7	9	12	16	
23	21			23	17	13	12	16	21	
3	15			3	6	8	11	15	
23	22			23	17	13	12	16	22	
22	21			22	23	17	16	21	
18	8			18	19	14	10	8	
5	19			5	6	8	10	14	19	
6	9			6	2	4	7	9	
19	10			19	20	15	11	10	
8	12			8	5	10	11	12	
20	4			20	15	11	8	6	2	4	
2	11			2	1	5	8	11	
9	20			9	8	11	15	20	
23	22			23	17	13	12	16	22	
5	22			5	8	9	12	16	22	
16	11			16	17	13	12	11	
22	4			22	16	12	9	7	4	
5	15			5	1	2	6	8	11	15	
3	0			3	4	2	1	0	
5	1			5	10	8	6	2	1	
14	5			14	15	11	8	5	
6	20			6	8	11	15	20	
12	20			12	9	8	11	15	20	
8	12			8	5	10	11	12	
11	5			11	12	9	8	5	
15	8			15	16	12	9	8	
21	5			21	15	11	8	5	
6	11			6	2	1	5	8	11	
2	20			2	6	8	11	15	20	
15	17			15	11	12	13	17	
14	4			14	10	5	1	2	4	
1	23			1	5	8	9	13	17	23	
7	11			7	6	2	1	5	8	11	
20	14			20	21	22	16	15	14	
8	0			8	9	7	6	5	0	
16	13			16	21	15	11	12	13	
0	18			0	1	5	10	18	
19	17			19	14	15	16	17	
22	2			22	16	12	9	7	4	2	
21	15			21	22	23	17	16	15	
22	23			22	21	16	17	23	
8	20			8	5	10	11	15	20	
21	9			21	15	11	8	9	
16	6			16	12	9	7	6	
15	9			15	14	10	8	9	
23	19			23	22	21	20	19	
10	16			10	5	8	9	12	16	
11	4			11	8	6	2	4	
15	6			15	16	12	9	7	6	
0	2			0	5	10	8	6	2	
19	21			19	18	10	11	15	21	
23	7			23	17	13	9	7	
3	7			3	2	1	5	6	7	
11	15			11	8	10	14	15	
3	7			3	2	1	5	6	7	
10	12			10	5	8	9	12	
23	16			23	17	13	12	16	
23	1			23	17	13	9	8	5	1	
2	5			2	4	3	6	5	
22	4			22	16	12	9	7	4	
7	18			7	6	5	10	18	
16	17			16	15	11	12	13	17	
17	0			17	13	9	8	5	0	
17	23			17	13	12	16	22	23	
13	6			13	17	16	12	9	7	6	
20	4			20	15	11	8	6	2	4	
23	13			23	22	16	12	13	
3	5			3	4	2	1	5	
15	6			15	16	12	9	7	6	
19	10			19	20	15	11	10	
20	15			20	19	18	10	11	15	
8	7			8	10	5	6	7	
17	13			17	23	22	16	12	13	
19	0			19	14	10	5	0	
18	21			18	10	11	15	21	
0	19			0	5	10	14	19	
14	6			14	19	18	10	5	6	
0	9			0	1	5	8	9	
11	16			11	8	9	12	16	
5	13			5	1	2	4	7	9	13	
8	2			8	11	10	5	1	2	
13	17			13	9	12	16	17	
9	12			9	7	6	8	11	12	
1	14			1	2	6	5	10	14	
4	8			4	2	1	5	8	
20	18			20	21	15	11	10	18	
11	0			11	12	9	8	5	0	
23	11			23	17	13	12	11	
10	11			10	5	1	2	6	8	11	
3	15			3	6	8	11	15	
2	6			2	1	0	5	6	
0	12			0	5	8	9	12	
15	1			15	11	8	5	1	
9	21			9	7	6	8	11	15	21	
0	10			0	1	2	6	5	10	
9	1			9	12	11	8	5	1	
0	6			0	1	2	4	3	6	
11	9			11	15	16	12	9	
10	13			10	14	15	11	12	13	
5	2			5	10	8	6	2	
19	12			19	14	10	11	12	
8	3			8	11	10	5	6	3	
14	3			14	10	5	6	3	
11	7			11	15	16	12	9	7	
10	0			10	14	15	11	8	5	0	
4	6			4	2	1	5	6	
2	3			2	1	5	6	3	
3	10			3	4	2	1	5	10	
3	20			3	6	8	11	15	20	
2	7			2	1	5	6	7	
20	6			20	15	11	8	6	
14	13			14	10	8	9	13	
21	7			21	16	12	9	7	
16	6			16	12	9	7	6	
21	20			21	22	16	15	20	
10	14			10	5	8	11	15	14	
21	1			21	15	11	8	5	1	
15	0			15	11	8	5	0	
20	18			20	21	15	11	10	18	
20	16			20	19	14	15	16	
2	16			2	4	7	9	12	16	
21	0			21	15	11	8	5	0	
14	13			14	10	8	9	13	
15	1			15	11	8	5	1	
18	5			18	19	14	10	5	
22	6			22	16	12	9	7	6	
7	2			7	9	8	6	2	
23	19			23	22	21	20	19	
15	20			15	11	10	14	19	20	
4	0			4	3	2	1	0	
22	2			22	16	12	9	7	4	2	
0	10			0	1	2	6	5	10	
20	15			20	19	18	10	11	15	
7	4			7	9	8	6	2	4	
2	17			2	4	7	9	13	17	
7	0			7	4	2	1	0	
22	14			22	23	17	16	15	14	
23	14			23	17	16	15	14	
18	7			18	10	5	6	7	
7	21			7	9	12	16	21	
0	22			0	5	8	9	12	16	22	
16	9			16	15	11	8	9	
6	5			6	3	2	1	5	
0	6			0	1	2	4	3	6	
12	5			12	16	15	11	8	5	
4	6			4	2	1	5	6	
22	11			22	16	17	13	12	11	
16	6			16	12	9	7	6	
5	16			5	8	9	12	16	
20	4			20	15	11	8	6	2	4	
11	7			11	15	16	12	9	7	
19	12			19	14	10	11	12	
13	8			13	17	16	12	9	8	
19	3			19	14	10	5	6	3	
3	9			3	2	4	7	9	
0	5			0	1	2	6	5	
21	20			21	22	16	15	20	
23	7			23	17	13	9	7	
3	15			3	6	8	11	15	
5	13			5	1	2	4	7	9	13	
16	23			16	12	13	17	23	
6	5			6	3	2	1	5	
12	15			12	9	8	11	15	
21	11			21	22	16	12	11	
6	22			6	7	9	12	16	22	
9	13			9	7	6	8	11	12	13	
6	4			6	5	1	2	4	
18	22			18	19	20	21	22	
23	22			23	17	13	12	16	22	
3	4			3	6	5	1	2	4	
10	7			10	14	15	11	8	6	7	
13	14			13	9	8	10	14	
6	0			6	7	4	2	1	0	
23	13			23	22	16	12	13	
4	7			4	2	1	5	6	7	
15	5			15	16	12	9	8	5	
12	19			12	11	10	14	19	
4	21			4	7	9	12	16	21	
10	1			10	14	15	11	8	5	1	
20	22			20	19	14	15	16	22	
18	3			18	10	5	6	3	
22	20			22	23	17	16	15	20	
2	0			2	4	3	6	5	0	
17	22			17	13	12	16	22	
11	3			11	12	9	7	4	3	
2	21			2	6	8	11	15	21	
11	13			11	10	8	9	13	
3	2			3	4	7	6	2	
8	18			8	9	12	11	10	18	
11	2			11	12	9	7	4	2	
18	20			18	10	11	15	20	
3	1			3	4	7	6	2	1	
1	3			1	0	5	6	3	
13	2			13	9	7	4	2	
23	5			23	17	13	9	8	5	
21	0			21	15	11	8	5	0	
1	17			1	5	8	9	13	17	
15	21			15	11	12	16	21	
0	22			0	5	8	9	12	16	22	
5	7			5	0	1	2	4	7	
12	18			12	13	9	8	10	18	
11	18			11	12	9	8	10	18	
10	19			10	8	11	15	14	19	
12	0			12	9	8	5	0	
12	6			12	16	15	11	8	6	
10	8			10	14	15	11	8	
11	9			11	15	16	12	9	
14	15			14	10	5	8	11	15	
12	23			12	11	15	16	17	23	
21	4			21	16	12	9	7	4	
8	17			8	6	7	9	13	17	
8	14			8	9	12	11	10	14	
3	18			3	6	5	10	18	
13	12			13	17	23	22	16	12	
15	9			15	14	10	8	9	
19	11			19	14	10	5	8	11	
14	16			14	10	11	12	16	
4	12			4	7	6	8	9	12	
22	0			22	16	12	9	8	5	0	
2	21			2	6	8	11	15	21	
18	11			18	19	14	10	11	
18	14			18	10	8	11	15	14	
21	11			21	22	16	12	11	
0	2			0	5	10	8	6	2	
21	23			21	20	15	16	17	23	
1	16			1	5	8	9	12	16	
6	10			6	3	2	1	5	10	
3	7			3	2	1	5	6	7	
15	14			15	16	12	11	10	14	
10	12			10	5	8	9	12	
15	21			15	11	12	16	21	
19	5			19	20	15	11	8	5	
3	18			3	6	5	10	18	
23	21			23	17	13	12	16	21	
1	21			1	5	8	11	15	21	
11	2			11	12	9	7	4	2	
5	13			5	1	2	4	7	9	13	
23	18			23	22	21	20	19	18	
3	16			3	4	7	9	12	16	
19	1			19	14	10	5	1	
6	11			6	2	1	5	8	11	
0	22			0	5	8	9	12	16	22	
2	22			2	4	7	9	12	16	22	
8	0			8	9	7	6	5	0	
15	14			15	16	12	11	10	14	
13	18			13	9	8	10	18	
18	17			18	10	8	9	13	17	
15	5			15	16	12	9	8	5	
22	3			22	16	12	9	7	4	3	
18	5			18	19	14	10	5	
2	5			2	4	3	6	5	
0	17			0	5	8	9	13	17	
6	10			6	3	2	1	5	10	
3	16			3	4	7	9	12	16	
12	10			12	13	9	8	10	
12	17			12	11	15	16	17	
9	19			9	8	10	14	19	
10	12			10	5	8	9	12	
13	11			13	17	16	12	11	
15	14			15	16	12	11	10	14	
16	0			16	12	9	8	5	0	
3	5			3	4	2	1	5	
2	0			2	4	3	6	5	0	
11	1			11	12	9	8	5	1	
6	2			6	8	5	1	2	
10	4			10	5	1	2	4	
13	16			13	9	8	11	12	16	
21	23			21	20	15	16	17	23	
9	13			9	7	6	8	11	12	13	
6	18			6	2	1	5	10	18	
14	7			14	10	5	6	7	
4	3			4	7	9	8	6	3	
1	5			1	2	4	3	6	5	
8	4			8	10	5	1	2	4	
12	0			12	9	8	5	0	
0	7			0	1	2	4	7	
22	14			22	23	17	16	15	14	
20	22			20	19	14	15	16	22	
20	17			20	19	14	15	16	17	
13	22			13	9	12	16	22	
5	6			5	0	1	2	6	
12	1			12	9	8	5	1	
10	15			10	5	8	11	15	
10	5			10	14	15	11	8	5	
0	6			0	1	2	4	3	6	
3	5			3	4	2	1	5	
16	7			16	15	11	8	6	7	
15	8			15	16	12	9	8	
8	7			8	10	5	6	7	
22	11			22	16	17	13	12	11	
13	8			13	17	16	12	9	8	
17	5			17	13	9	8	5	
16	5			16	12	9	8	5	
23	8			23	17	13	9	8	
16	1			16	12	9	8	5	1	
4	16			4	7	9	12	16	
22	15			22	23	17	16	15	
2	23			2	4	7	9	13	17	23	
15	3			15	11	8	6	3	
9	19			9	8	10	14	19	
6	16			6	7	9	12	16	
13	14			13	9	8	10	14	
1	18			1	2	6	5	10	18	
14	8			14	19	18	10	8	
18	5			18	19	14	10	5	
13	0			13	9	8	5	0	
2	12			2	4	7	9	12	
10	14			10	5	8	11	15	14	
10	7			10	14	15	11	8	6	7	
12	1			12	9	8	5	1	
5	14			5	1	2	6	8	10	14	
22	2			22	16	12	9	7	4	2	
19	10			19	20	15	11	10	
1	13			1	5	8	9	13	
18	11			18	19	14	10	11	
4	18			4	2	1	5	10	18	
7	10			7	4	2	1	5	10	
8	6			8	11	10	5	6	
14	22			14	10	11	12	16	22	
21	16			21	20	19	14	15	16	
18	4			18	10	5	1	2	4	
23	16			23	17	13	12	16	
7	14			7	6	5	10	14	
11	17			11	10	8	9	13	17	
18	3			18	10	5	6	3	
21	18			21	16	12	11	10	18	
7	15			7	6	8	11	15	
8	5			8	9	7	6	5	
10	12			10	5	8	9	12	
6	12			6	5	8	9	12	
15	22			15	14	19	20	21	22	
16	4			16	12	9	7	4	
14	22			14	10	11	12	16	22	
5	0			5	8	6	2	1	0	
1	10			1	2	6	5	10	
21	5			21	15	11	8	5	
19	15			19	18	10	11	15	
2	20			2	6	8	11	15	20	
0	18			0	1	5	10	18	
4	13			4	2	6	7	9	13	
5	11			5	1	2	6	8	11	
15	17			15	11	12	13	17	
2	0			2	4	3	6	5	0	
7	5			7	4	2	1	5	
7	23			7	9	13	17	23	
5	4			5	10	8	6	2	4	
8	16			8	5	10	11	12	16	
20	0			20	15	11	8	5	0	
18	6			18	19	14	10	5	6	
12	7			12	16	17	13	9	7	
21	2			21	15	11	8	6	2	
16	19			16	12	11	10	14	19	
21	4			21	16	12	9	7	4	
13	14			13	9	8	10	14	
7	16			7	6	8	9	12	16	
12	9			12	16	17	13	9	
5	7			5	0	1	2	4	7	
0	22			0	5	8	9	12	16	22	
12	10			12	13	9	8	10	
10	21			10	5	8	11	15	21	
1	6			1	0	5	10	8	6	
19	10			19	20	15	11	10	
11	23			11	12	13	17	23	
21	12			21	20	15	11	12	
9	4			9	12	11	8	6	2	4	
1	3			1	0	5	6	3	
3	22			3	4	7	9	12	16	22	
22	13			22	21	16	12	13	
6	3			6	8	5	1	2	3	
6	10			6	3	2	1	5	10	
15	17			15	11	12	13	17	
5	18			5	1	2	6	8	10	18	
13	17			13	9	12	16	17	
20	17			20	19	14	15	16	17	
1	8			1	0	5	6	8	
4	3			4	7	9	8	6	3	
2	14			2	1	5	10	14	
13	14			13	9	8	10	14	
14	16			14	10	11	12	16	
23	17			23	22	21	16	17	
1	10			1	2	6	5	10	
7	21			7	9	12	16	21	
20	22			20	19	14	15	16	22	
18	13			18	10	8	9	13	
12	14			12	13	9	8	10	14	
11	12			11	10	8	9	12	
14	17			14	10	8	9	13	17	
9	2			9	12	11	8	6	2	
4	16			4	7	9	12	16	
6	18			6	2	1	5	10	18	
18	3			18	10	5	6	3	
13	3			13	9	7	4	3	
18	12			18	10	5	8	9	12	
20	10			20	21	15	11	10	
11	6			11	15	14	10	5	6	
7	9			7	6	2	1	5	8	9	
14	2			14	10	5	1	2	
13	22			13	9	12	16	22	
22	16			22	23	17	13	12	16	
2	18			2	1	5	10	18	
19	22			19	18	10	11	12	16	22	
4	5			4	2	3	6	5	
10	4			10	5	1	2	4	
22	6			22	16	12	9	7	6	
8	19			8	6	5	10	14	19	
23	0			23	17	13	9	8	5	0	
7	2			7	9	8	6	2	
15	22			15	14	19	20	21	22	
14	5			14	15	11	8	5	
13	0			13	9	8	5	0	
3	7			3	2	1	5	6	7	
16	14			16	12	11	10	14	
11	10			11	12	9	8	10	
4	6			4	2	1	5	6	
7	2			7	9	8	6	2	
15	8			15	16	12	9	8	
21	7			21	16	12	9	7	
16	9			16	15	11	8	9	
3	5			3	4	2	1	5	
1	17			1	5	8	9	13	17	
2	10			2	4	3	6	5	10	
7	16			7	6	8	9	12	16	
8	21			8	5	10	11	15	21	
5	20			5	8	11	15	20	
22	11			22	16	17	13	12	11	
7	10			7	4	2	1	5	10	
2	8			2	4	3	6	8	
7	5			7	4	2	1	5	
10	7			10	14	15	11	8	6	7	
19	21			19	18	10	11	15	21	
14	22			14	10	11	12	16	22	
19	9			19	14	10	8	9	
11	8			11	15	14	10	8	
16	0			16	12	9	8	5	0	
17	13			17	23	22	16	12	13	
13	19			13	9	8	10	14	19	
22	2			22	16	12	9	7	4	2	
2	18			2	1	5	10	18	
18	3			18	10	5	6	3	
11	12			11	10	8	9	12	
13	20			13	12	11	15	20	
23	8			23	17	13	9	8	
9	0			9	12	11	8	5	0	
3	20			3	6	8	11	15	20	
2	7			2	1	5	6	7	
10	23			10	8	9	13	17	23	
4	18			4	2	1	5	10	18	
22	9			22	21	16	12	9	
2	4			2	1	5	6	3	4	
15	9			15	14	10	8	9	
5	20			5	8	11	15	20	
2	21			2	6	8	11	15	21	
19	11			19	14	10	5	8	11	
18	11			18	19	14	10	11	
14	19			14	10	11	15	20	19	
5	12			5	1	2	4	7	9	12	
20	18			20	21	15	11	10	18	
5	15			5	1	2	6	8	11	15	
1	12			1	5	8	9	12	
5	2			5	10	8	6	2	
19	9			19	14	10	8	9	
6	17			6	7	9	13	17	
23	17			23	22	21	16	17	
3	5			3	4	2	1	5	
8	12			8	5	10	11	12	
21	0			21	15	11	8	5	0	
13	4			13	17	16	12	9	7	4	
21	16			21	20	19	14	15	16	
23	8			23	17	13	9	8	
1	4			1	0	5	6	2	4	
6	7			6	5	8	9	7	
6	17			6	7	9	13	17	
16	9			16	15	11	8	9	
8	9			8	5	6	7	9	
7	11			7	6	2	1	5	8	11	
17	19			17	16	15	14	19	
18	21			18	10	11	15	21	
14	8			14	19	18	10	8	
9	5			9	13	12	11	8	5	
5	21			5	8	11	15	21	
14	11			14	19	18	10	11	
23	21			23	17	13	12	16	21	
11	22			11	8	9	12	16	22	
2	23			2	4	7	9	13	17	23	
5	13			5	1	2	4	7	9	13	
23	17			23	22	21	16	17	
6	12			6	5	8	9	12	
11	17			11	10	8	9	13	17	
7	4			7	9	8	6	2	4	
12	21			12	9	8	11	15	21	
23	16			23	17	13	12	16	
2	15			2	6	8	11	15	
12	16			12	9	13	17	16	
6	13			6	2	4	7	9	13	
3	14			3	6	5	10	14	
21	14			21	22	16	15	14	
21	3			21	15	11	8	6	3	
16	10			16	17	13	9	8	10	
13	5			13	17	16	12	9	8	5	
4	0			4	3	2	1	0	
21	1			21	15	11	8	5	1	
9	6			9	13	12	11	8	6	
0	7			0	1	2	4	7	
17	0			17	13	9	8	5	0	
3	11			3	2	6	8	11	
17	2			17	13	9	7	4	2	
2	12			2	4	7	9	12	
1	16			1	5	8	9	12	16	
1	19			1	5	10	14	19	
15	20			15	11	10	14	19	20	
12	3			12	9	7	4	3	
14	2			14	10	5	1	2	
1	18			1	2	6	5	10	18	
9	21			9	7	6	8	11	15	21	
16	6			16	12	9	7	6	
15	23			15	11	12	13	17	23	
14	15			14	10	5	8	11	15	
9	7			9	12	11	8	6	7	
23	0			23	17	13	9	8	5	0	
3	15			3	6	8	11	15	
14	6			14	19	18	10	5	6	
22	13			22	21	16	12	13	
14	13			14	10	8	9	13	
7	21			7	9	12	16	21	
21	3			21	15	11	8	6	3	
6	3			6	8	5	1	2	3	
14	0			14	15	11	8	5	0	
11	8			11	15	14	10	8	
1	16			1	5	8	9	12	16	
18	3			18	10	5	6	3	
21	20			21	22	16	15	20	
2	7			2	1	5	6	7	
2	5			2	4	3	6	5	
16	9			16	15	11	8	9	
10	22			10	11	12	16	22	
14	13			14	10	8	9	13	
9	0			9	12	11	8	5	0	
20	1			20	15	11	8	5	1	
23	3			23	17	13	9	7	4	3	
9	13			9	7	6	8	11	12	13	
9	15			9	7	6	8	11	15	
13	8			13	17	16	12	9	8	
18	21			18	10	11	15	21	
11	12			11	10	8	9	12	
12	11			12	13	9	8	11	
21	23			21	20	15	16	17	23	
20	22			20	19	14	15	16	22	
5	13			5	1	2	4	7	9	13	
5	12			5	1	2	4	7	9	12	
23	2			23	17	13	9	7	4	2	
18	15			18	10	5	8	11	15	
23	20			23	17	16	15	20	
18	0			18	19	14	10	5	0	
11	10			11	12	9	8	10	
7	18			7	6	5	10	18	
1	6			1	0	5	10	8	6	
14	0			14	15	11	8	5	0	
3	21			3	6	8	11	15	21	
16	14			16	12	11	10	14	
19	5			19	20	15	11	8	5	
10	13			10	14	15	11	12	13	
6	13			6	2	4	7	9	13	
17	11			17	13	9	8	11	
14	21			14	10	11	15	21	
5	17			5	8	9	13	17	
0	13			0	5	8	9	13	
6	5			6	3	2	1	5	
7	18			7	6	5	10	18	
14	23			14	15	16	17	23	
19	20			19	18	10	11	15	20	
4	8			4	2	1	5	8	
22	21			22	23	17	16	21	
8	17			8	6	7	9	13	17	
15	18			15	16	12	11	10	18	
21	1			21	15	11	8	5	1	
23	22			23	17	13	12	16	22	
5	11			5	1	2	6	8	11	
10	4			10	5	1	2	4	
10	13			10	14	15	11	12	13	
16	22			16	12	11	15	21	22	
8	9			8	5	6	7	9	
21	4			21	16	12	9	7	4	
16	20			16	17	23	22	21	20	
1	14			1	2	6	5	10	14	
23	21			23	17	13	12	16	21	
3	18			3	6	5	10	18	
1	5			1	2	4	3	6	5	
4	10			4	2	1	5	10	
13	6			13	17	16	12	9	7	6	
7	8			7	4	2	6	8	
22	0			22	16	12	9	8	5	0	
20	15			20	19	18	10	11	15	
0	12			0	5	8	9	12	
14	23			14	15	16	17	23	
6	21			6	8	11	15	21	
13	5			13	17	16	12	9	8	5	
18	0			18	19	14	10	5	0	
6	15			6	7	9	8	11	15	
4	16			4	7	9	12	16	
10	17			10	8	9	13	17	
23	12			23	17	13	9	12	
8	19			8	6	5	10	14	19	
0	13			0	5	8	9	13	
15	21			15	11	12	16	21	
23	8			23	17	13	9	8	
0	19			0	5	10	14	19	
6	1			6	7	4	2	1	
17	3			17	13	9	7	4	3	
5	12			5	1	2	4	7	9	12	
4	5			4	2	3	6	5	
23	12			23	17	13	9	12	
22	11			22	16	17	13	12	11	
17	13			17	23	22	16	12	13	
12	15			12	9	8	11	15	
18	23			18	19	20	21	22	23	
13	21			13	9	12	16	21	
4	23			4	7	9	13	17	23	
1	23			1	5	8	9	13	17	23	
8	14			8	9	12	11	10	14	
20	8			20	19	14	10	8	
0	22			0	5	8	9	12	16	22	
19	15			19	18	10	11	15	
22	21			22	23	17	16	21	
1	18			1	2	6	5	10	18	
12	4			12	11	8	6	2	4	
10	12			10	5	8	9	12	
22	11			22	16	17	13	12	11	
15	13			15	14	10	8	9	13	
13	15			13	9	8	11	15	
7	15			7	6	8	11	15	
14	9			14	15	11	8	9	
9	15			9	7	6	8	11	15	
18	21			18	10	11	15	21	
18	15			18	10	5	8	11	15	
15	2			15	11	8	6	2	
4	17			4	7	9	13	17	
16	11			16	17	13	12	11	
10	20			10	5	8	11	15	20	
20	22			20	19	14	15	16	22	
15	7			15	11	8	6	7	
16	19			16	12	11	10	14	19	
12	0			12	9	8	5	0	
1	19			1	5	10	14	19	
20	23			20	19	14	15	16	17	23	
1	19			1	5	10	14	19	
9	2			9	12	11	8	6	2	
23	6			23	17	13	9	7	6	
0	3			0	1	5	6	3	
16	3			16	12	9	7	4	3	
6	2			6	8	5	1	2	
6	20			6	8	11	15	20	
17	3			17	13	9	7	4	3	
17	16			17	13	9	12	16	
0	8			0	1	2	6	8	
4	18			4	2	1	5	10	18	
10	11			10	5	1	2	6	8	11	
12	6			12	16	15	11	8	6	
3	5			3	4	2	1	5	
14	23			14	15	16	17	23	
6	0			6	7	4	2	1	0	
9	15			9	7	6	8	11	15	
15	5			15	16	12	9	8	5	
18	19			18	10	11	15	14	19	
17	16			17	13	9	12	16	
19	23			19	20	21	22	23	
11	0			11	12	9	8	5	0	
22	18			22	21	20	19	18	
21	10			21	22	16	12	11	10	
1	16			1	5	8	9	12	16	
13	21			13	9	12	16	21	
15	23			15	11	12	13	17	23	
12	3			12	9	7	4	3	
6	10			6	3	2	1	5	10	
15	5			15	16	12	9	8	5	
9	0			9	12	11	8	5	0	
14	20			14	10	11	15	20	
18	16			18	10	11	12	16	
23	12			23	17	13	9	12	
15	10			15	21	16	12	11	10	
22	9			22	21	16	12	9	
14	17			14	10	8	9	13	17	
15	6			15	16	12	9	7	6	
14	11			14	19	18	10	11	
6	14			6	2	1	5	10	14	
2	3			2	1	5	6	3	
3	0			3	4	2	1	0	
15	22			15	14	19	20	21	22	
8	16			8	5	10	11	12	16	
2	11			2	1	5	8	11	
17	11			17	13	9	8	11	
5	23			5	8	9	13	17	23	
20	12			20	15	14	10	11	12	
17	13			17	23	22	16	12	13	
13	20			13	12	11	15	20	
0	6			0	1	2	4	3	6	
9	22			9	8	11	12	16	22	
14	21			14	10	11	15	21	
21	6			21	15	11	8	6	
18	13			18	10	8	9	13	
17	1			17	13	9	8	5	1	
13	6			13	17	16	12	9	7	6	
18	23			18	19	20	21	22	23	
21	23			21	20	15	16	17	23	
3	17			3	4	7	9	13	17	
1	12			1	5	8	9	12	
13	16			13	9	8	11	12	16	
6	9			6	2	4	7	9	
9	15			9	7	6	8	11	15	
3	6			3	4	2	1	5	6	
17	18			17	13	9	8	10	18	
15	19			15	11	10	14	19	
5	12			5	1	2	4	7	9	12	
23	0			23	17	13	9	8	5	0	
0	9			0	1	5	8	9	
4	11			4	2	6	8	11	
23	8			23	17	13	9	8	
14	6			14	19	18	10	5	6	
22	1			22	16	12	9	8	5	1	
7	20			7	6	8	11	15	20	
13	5			13	17	16	12	9	8	5	
2	4			2	1	5	6	3	4	
5	2			5	10	8	6	2	
13	6			13	17	16	12	9	7	6	
11	21			11	8	9	12	16	21	
12	2			12	9	7	4	2	
22	20			22	23	17	16	15	20	
22	3			22	16	12	9	7	4	3	
19	4			19	14	10	5	1	2	4	
10	23			10	8	9	13	17	23	
22	10			22	16	12	11	10	
20	3			20	15	11	8	6	3	
15	5			15	16	12	9	8	5	
12	6			12	16	15	11	8	6	
16	6			16	12	9	7	6	
14	12			14	10	5	8	9	12	
19	5			19	20	15	11	8	5	
16	8			16	17	13	9	8	
6	18			6	2	1	5	10	18	
23	4			23	17	13	9	7	4	
11	15			11	8	10	14	15	
13	0			13	9	8	5	0	
8	4			8	10	5	1	2	4	
8	11			8	6	5	10	11	
8	11			8	6	5	10	11	
11	1			11	12	9	8	5	1	
4	7			4	2	1	5	6	7	
21	9			21	15	11	8	9	
3	10			3	4	2	1	5	10	
13	10			13	17	16	12	11	10	
16	0			16	12	9	8	5	0	
1	16			1	5	8	9	12	16	
21	9			21	15	11	8	9	
20	6			20	15	11	8	6	
14	7			14	10	5	6	7	
9	17			9	8	11	12	13	17	
12	10			12	13	9	8	10	
11	23			11	12	13	17	23	
2	6			2	1	0	5	6	
1	12			1	5	8	9	12	
12	17			12	11	15	16	17	
0	20			0	5	8	11	15	20	
1	18			1	2	6	5	10	18	
13	10			13	17	16	12	11	10	
19	0			19	14	10	5	0	
20	1			20	15	11	8	5	1	
12	19			12	11	10	14	19	
11	10			11	12	9	8	10	
19	20			19	18	10	11	15	20	
10	0			10	14	15	11	8	5	0	
17	19			17	16	15	14	19	
19	8			19	20	15	11	8	
20	11			20	19	14	10	11	
8	11			8	6	5	10	11	
0	5			0	1	2	6	5	
2	0			2	4	3	6	5	0	
14	23			14	15	16	17	23	
5	4			5	10	8	6	2	4	
3	2			3	4	7	6	2	
13	23			13	9	12	16	17	23	
21	10			21	22	16	12	11	10	
8	11			8	6	5	10	11	
18	13			18	10	8	9	13	
16	11			16	17	13	12	11	
17	9			17	16	15	11	8	9	
15	18			15	16	12	11	10	18	
14	18			14	15	11	10	18	
20	4			20	15	11	8	6	2	4	
15	17			15	11	12	13	17	
21	18			21	16	12	11	10	18	
2	4			2	1	5	6	3	4	
10	6			10	14	15	11	8	6	
11	4			11	8	6	2	4	
1	13			1	5	8	9	13	
18	7			18	10	5	6	7	
5	22			5	8	9	12	16	22	
17	11			17	13	9	8	11	
18	3			18	10	5	6	3	
15	3			15	11	8	6	3	
2	16			2	4	7	9	12	16	
14	19			14	10	11	15	20	19	
17	7			17	16	12	9	7	
4	7			4	2	1	5	6	7	
9	22			9	8	11	12	16	22	
8	5			8	9	7	6	5	
9	5			9	13	12	11	8	5	
3	10			3	4	2	1	5	10	
5	4			5	10	8	6	2	4	
19	4			19	14	10	5	1	2	4	
14	2			14	10	5	1	2	
11	12			11	10	8	9	12	
1	17			1	5	8	9	13	17	
6	0			6	7	4	2	1	0	
16	8			16	17	13	9	8	
18	4			18	10	5	1	2	4	
0	5			0	1	2	6	5	
2	10			2	4	3	6	5	10	
8	18			8	9	12	11	10	18	
14	3			14	10	5	6	3	
10	1			10	14	15	11	8	5	1	
10	4			10	5	1	2	4	
15	1			15	11	8	5	1	
7	10			7	4	2	1	5	10	
7	15			7	6	8	11	15	
6	3			6	8	5	1	2	3	
14	20			14	10	11	15	20	
15	18			15	16	12	11	10	18	
15	7			15	11	8	6	7	
4	1			4	7	6	2	1	
14	8			14	19	18	10	8	
6	11			6	2	1	5	8	11	
3	18			3	6	5	10	18	
20	21			20	19	14	15	21	
9	21			9	7	6	8	11	15	21	
23	5			23	17	13	9	8	5	
18	7			18	10	5	6	7	
13	20			13	12	11	15	20	
9	15			9	7	6	8	11	15	
4	3			4	7	9	8	6	3	
7	23			7	9	13	17	23	
4	23			4	7	9	13	17	23	
SFC Num: 986
