The Length of SFC is: 8
SFCSourceID	SFCSinkID			The Nodes of the Path
6	22			6	5	1	2	4	7	9	12	16	22	
20	12			20	15	14	10	5	8	9	12	
11	19			11	12	13	9	8	10	14	19	
12	18			12	13	9	7	6	5	10	18	
11	14			11	12	13	9	7	6	5	10	14	
10	2			10	14	19	20	15	11	8	6	2	
21	22			21	20	19	18	10	11	12	16	22	
15	10			15	21	22	16	17	13	9	8	10	
13	9			13	17	16	22	21	15	11	8	9	
21	15			21	22	23	17	13	12	11	15	
6	21			6	5	1	2	4	7	9	12	16	21	
21	20			21	22	23	17	13	12	11	15	20	
9	16			9	7	6	2	1	5	8	11	12	16	
21	3			21	16	17	13	9	7	4	3	
2	9			2	1	0	5	6	3	4	7	9	
0	14			0	1	2	3	6	5	10	14	
20	13			20	15	14	10	5	8	9	13	
8	18			8	9	7	6	2	1	5	10	18	
23	2			23	17	16	12	9	7	4	2	
23	16			23	17	13	9	7	6	8	11	12	16	
16	5			16	17	13	12	9	7	6	5	
15	18			15	16	22	21	20	19	14	10	18	
3	20			3	2	1	5	8	11	15	20	
15	2			15	16	17	13	9	7	4	2	
17	20			17	13	9	7	6	8	11	15	20	
9	23			9	7	6	8	11	12	13	17	23	
2	7			2	1	0	5	10	8	6	7	
10	17			10	5	1	2	4	7	9	13	17	
17	1			17	16	22	21	15	11	8	5	1	
13	15			13	9	7	6	2	1	5	8	11	15	
11	15			11	8	6	2	1	5	10	14	15	
22	20			22	23	17	13	12	11	15	20	
22	4			22	21	15	11	8	6	2	4	
19	14			19	18	10	5	8	11	15	14	
9	8			9	13	17	16	22	21	15	11	8	
21	2			21	16	17	13	9	7	4	2	
9	19			9	7	6	2	1	5	10	14	19	
12	2			12	16	17	13	9	7	4	2	
18	12			18	10	5	1	2	4	7	9	12	
23	4			23	22	21	16	12	9	7	4	
14	12			14	10	5	1	2	4	7	9	12	
11	17			11	10	5	1	2	4	7	9	13	17	
2	15			2	1	0	5	6	8	11	15	
22	20			22	23	17	13	12	11	15	20	
5	21			5	1	2	6	8	11	15	21	
0	19			0	1	2	6	5	10	14	19	
20	21			20	19	18	10	5	8	11	15	21	
15	18			15	16	22	21	20	19	14	10	18	
12	14			12	13	9	7	6	5	10	14	
23	17			23	22	21	20	19	14	15	16	17	
4	2			4	7	9	13	12	11	8	6	2	
4	23			4	7	6	8	9	13	17	23	
17	16			17	13	9	7	6	8	11	12	16	
6	9			6	2	1	0	5	10	8	9	
7	19			7	6	2	1	5	10	14	19	
1	10			1	2	4	3	6	7	9	8	10	
1	3			1	0	5	10	14	15	11	8	6	3	
10	2			10	14	19	20	15	11	8	6	2	
15	2			15	16	17	13	9	7	4	2	
22	10			22	16	17	13	9	7	6	5	10	
18	5			18	19	20	21	15	11	8	5	
19	22			19	18	10	5	8	9	12	16	22	
11	20			11	8	6	5	10	14	15	20	
6	11			6	2	4	7	9	13	12	11	
15	12			15	14	10	5	1	2	4	7	9	12	
20	9			20	15	14	10	5	1	2	4	7	9	
18	17			18	10	5	1	2	4	7	9	13	17	
11	0			11	12	16	15	14	10	5	0	
4	3			4	7	9	13	12	11	8	6	3	
13	16			13	9	7	6	8	11	12	16	
10	1			10	14	19	20	15	11	8	5	1	
11	15			11	8	6	2	1	5	10	14	15	
8	22			8	5	1	2	4	7	9	12	16	22	
2	23			2	4	7	6	8	9	13	17	23	
3	13			3	2	1	0	5	8	9	13	
14	0			14	15	16	12	9	8	5	0	
6	14			6	2	4	7	9	8	10	14	
12	6			12	16	17	13	9	7	4	2	6	
15	1			15	16	21	20	19	14	10	5	1	
22	15			22	23	17	13	9	8	11	15	
4	0			4	3	2	6	7	9	8	5	0	
23	22			23	17	13	9	8	11	12	16	22	
14	3			14	19	20	15	11	8	6	3	
19	2			19	20	21	15	11	8	6	2	
3	23			3	4	7	6	8	9	13	17	23	
10	11			10	5	1	2	4	3	6	8	11	
15	2			15	16	17	13	9	7	4	2	
0	21			0	5	6	2	4	7	9	12	16	21	
1	18			1	2	3	6	7	9	8	10	18	
8	9			8	5	1	2	3	4	7	9	
0	21			0	5	6	2	4	7	9	12	16	21	
10	13			10	14	19	20	15	11	12	13	
22	18			22	16	17	13	9	8	10	18	
4	10			4	2	3	6	7	9	8	10	
7	17			7	6	2	1	5	8	9	13	17	
22	21			22	23	17	13	9	12	16	21	
1	6			1	0	5	10	14	15	11	8	6	
6	12			6	5	1	2	4	7	9	12	
5	11			5	1	2	4	3	6	8	11	
21	1			21	16	17	13	9	8	5	1	
2	18			2	3	6	7	9	8	10	18	
18	0			18	19	20	15	11	8	5	0	
5	18			5	1	2	4	3	6	8	10	18	
23	14			23	17	13	9	7	6	5	10	14	
0	21			0	5	6	2	4	7	9	12	16	21	
14	23			14	10	5	8	9	13	17	23	
20	17			20	19	14	10	8	9	13	17	
12	7			12	16	15	14	10	5	6	7	
20	21			20	19	18	10	5	8	11	15	21	
8	22			8	5	1	2	4	7	9	12	16	22	
2	16			2	4	7	6	8	9	12	16	
21	9			21	15	14	19	18	10	8	9	
17	16			17	13	9	7	6	8	11	12	16	
12	7			12	16	15	14	10	5	6	7	
4	23			4	7	6	8	9	13	17	23	
20	15			20	19	18	10	5	8	11	15	
16	9			16	15	14	19	18	10	8	9	
8	3			8	11	15	14	10	5	6	3	
8	11			8	6	2	4	7	9	12	11	
12	4			12	16	15	11	8	6	2	4	
22	4			22	21	15	11	8	6	2	4	
20	5			20	21	16	17	13	9	8	5	
8	16			8	5	1	2	4	7	9	12	16	
14	0			14	15	16	12	9	8	5	0	
11	14			11	12	13	9	7	6	5	10	14	
11	23			11	10	5	8	9	13	17	23	
18	7			18	10	14	15	11	8	6	7	
12	13			12	11	10	14	15	16	17	13	
12	6			12	16	17	13	9	7	4	2	6	
15	11			15	21	22	16	17	13	12	11	
18	21			18	10	5	1	2	6	8	11	15	21	
15	17			15	11	10	5	8	9	13	17	
12	1			12	16	17	13	9	8	5	1	
17	21			17	13	9	7	6	8	11	15	21	
2	12			2	4	7	6	5	8	9	12	
17	19			17	13	9	7	6	5	10	14	19	
0	5			0	1	2	4	3	6	7	9	8	5	
14	23			14	10	5	8	9	13	17	23	
9	4			9	13	12	11	8	6	2	4	
11	9			11	15	14	10	5	1	2	4	7	9	
21	7			21	15	14	19	18	10	5	6	7	
9	16			9	7	6	2	1	5	8	11	12	16	
11	1			11	12	16	15	14	10	5	1	
4	18			4	2	3	6	7	9	8	10	18	
23	21			23	17	13	9	7	6	8	11	15	21	
11	9			11	15	14	10	5	1	2	4	7	9	
19	11			19	14	10	5	1	2	6	8	11	
17	22			17	13	9	7	6	8	11	12	16	22	
10	21			10	5	1	2	6	8	11	15	21	
19	4			19	14	15	11	8	6	2	4	
0	19			0	1	2	6	5	10	14	19	
9	20			9	7	6	2	1	5	8	11	15	20	
22	18			22	16	17	13	9	8	10	18	
1	4			1	0	5	10	8	6	2	4	
22	5			22	16	17	13	12	9	8	5	
20	2			20	19	14	15	11	8	6	2	
7	11			7	6	2	1	0	5	8	11	
7	21			7	6	2	1	5	8	11	15	21	
5	22			5	1	2	4	7	9	12	16	22	
12	21			12	9	7	6	8	11	15	21	
23	16			23	17	13	9	7	6	8	11	12	16	
22	4			22	21	15	11	8	6	2	4	
11	22			11	8	5	10	14	15	16	22	
23	15			23	17	13	9	7	6	8	11	15	
8	16			8	5	1	2	4	7	9	12	16	
11	6			11	15	16	17	13	9	7	6	
4	23			4	7	6	8	9	13	17	23	
12	10			12	13	17	16	22	21	15	11	10	
0	9			0	1	2	3	4	7	6	8	9	
8	21			8	6	5	1	2	4	7	9	12	16	21	
17	22			17	13	9	7	6	8	11	12	16	22	
8	5			8	9	13	17	16	12	11	10	5	
4	2			4	7	9	13	12	11	8	6	2	
10	14			10	5	1	2	6	8	11	15	14	
7	17			7	6	2	1	5	8	9	13	17	
20	12			20	15	14	10	5	8	9	12	
11	18			11	12	13	9	7	6	5	10	18	
23	0			23	17	16	12	9	8	5	0	
5	14			5	1	2	4	3	6	8	10	14	
14	17			14	10	5	1	2	4	7	9	13	17	
2	0			2	4	3	6	7	9	8	5	0	
15	1			15	16	21	20	19	14	10	5	1	
19	2			19	20	21	15	11	8	6	2	
10	7			10	14	19	20	15	11	8	6	7	
23	20			23	17	13	9	8	11	15	20	
10	23			10	5	1	2	4	7	9	13	17	23	
15	23			15	14	10	8	9	13	17	23	
12	10			12	13	17	16	22	21	15	11	10	
17	10			17	13	9	7	4	2	1	5	10	
20	19			20	21	22	23	17	16	15	14	19	
6	5			6	3	4	7	9	12	11	8	5	
12	22			12	9	7	6	8	11	15	16	22	
11	5			11	12	16	17	13	9	8	5	
21	7			21	15	14	19	18	10	5	6	7	
11	13			11	10	14	19	20	15	16	12	13	
5	21			5	1	2	6	8	11	15	21	
2	3			2	1	0	5	10	8	6	3	
11	16			11	8	5	1	2	4	7	9	12	16	
7	6			7	4	2	1	0	5	10	8	6	
12	22			12	9	7	6	8	11	15	16	22	
16	0			16	17	13	12	9	8	5	0	
4	3			4	7	9	13	12	11	8	6	3	
2	19			2	3	6	7	9	8	10	14	19	
13	5			13	17	16	22	21	15	11	8	5	
16	12			16	21	20	15	14	10	11	12	
10	1			10	14	19	20	15	11	8	5	1	
21	15			21	22	23	17	13	12	11	15	
19	9			19	14	15	21	22	16	12	9	
6	13			6	2	1	0	5	8	9	13	
22	13			22	21	20	15	14	10	8	9	13	
18	2			18	19	20	15	11	8	6	2	
17	6			17	16	22	21	15	11	8	6	
4	0			4	3	2	6	7	9	8	5	0	
6	0			6	7	4	3	2	1	5	0	
22	3			22	16	17	13	9	7	4	3	
1	9			1	0	5	6	2	4	7	9	
3	9			3	2	1	0	5	6	7	9	
8	1			8	9	13	12	11	10	5	1	
6	9			6	2	1	0	5	10	8	9	
6	9			6	2	1	0	5	10	8	9	
7	2			7	9	13	12	11	8	6	2	
16	23			16	12	11	10	8	9	13	17	23	
11	6			11	15	16	17	13	9	7	6	
7	14			7	6	2	1	0	5	10	14	
1	6			1	0	5	10	14	15	11	8	6	
9	17			9	7	6	8	11	12	13	17	
4	8			4	2	1	0	5	6	7	9	8	
22	6			22	16	17	13	12	9	7	6	
15	3			15	16	17	13	9	7	4	3	
22	1			22	16	17	13	9	8	5	1	
21	10			21	22	16	17	13	9	8	10	
15	20			15	11	8	6	5	10	14	19	20	
12	17			12	11	10	5	8	9	13	17	
18	2			18	19	20	15	11	8	6	2	
11	17			11	10	5	1	2	4	7	9	13	17	
14	23			14	10	5	8	9	13	17	23	
3	22			3	4	7	6	8	9	12	16	22	
1	6			1	0	5	10	14	15	11	8	6	
20	0			20	21	16	12	9	8	5	0	
13	20			13	9	7	6	8	11	15	20	
18	7			18	10	14	15	11	8	6	7	
10	17			10	5	1	2	4	7	9	13	17	
0	15			0	1	2	3	6	8	11	15	
9	7			9	13	17	16	12	11	8	6	7	
19	17			19	14	10	5	8	9	13	17	
8	20			8	6	2	1	5	10	11	15	20	
16	22			16	12	9	7	6	8	11	15	21	22	
18	0			18	19	20	15	11	8	5	0	
23	3			23	17	16	12	9	7	4	3	
11	1			11	12	16	15	14	10	5	1	
18	11			18	19	14	10	5	1	2	6	8	11	
20	18			20	21	22	16	12	11	10	18	
10	11			10	5	1	2	4	3	6	8	11	
14	3			14	19	20	15	11	8	6	3	
1	20			1	0	5	6	8	11	15	20	
4	9			4	2	1	0	5	6	7	9	
20	16			20	19	18	10	5	8	9	12	16	
7	1			7	9	13	12	11	8	5	1	
10	13			10	14	19	20	15	11	12	13	
9	16			9	7	6	2	1	5	8	11	12	16	
23	20			23	17	13	9	8	11	15	20	
13	19			13	9	7	6	5	10	14	19	
10	2			10	14	19	20	15	11	8	6	2	
7	16			7	6	2	1	5	8	9	12	16	
16	10			16	17	13	9	7	6	5	10	
8	3			8	11	15	14	10	5	6	3	
0	4			0	5	10	14	15	11	8	6	2	4	
21	11			21	22	16	17	13	9	8	11	
18	20			18	10	5	1	2	6	8	11	15	20	
13	7			13	17	16	21	15	11	8	6	7	
19	12			19	14	10	5	1	2	4	7	9	12	
18	11			18	19	14	10	5	1	2	6	8	11	
22	18			22	16	17	13	9	8	10	18	
5	8			5	1	2	4	3	6	7	9	8	
21	23			21	20	19	14	15	16	17	23	
20	12			20	15	14	10	5	8	9	12	
12	6			12	16	17	13	9	7	4	2	6	
7	12			7	6	2	1	5	8	9	12	
23	19			23	17	13	9	8	10	14	19	
14	21			14	10	5	1	2	6	8	11	15	21	
11	8			11	15	16	17	13	12	9	8	
9	16			9	7	6	2	1	5	8	11	12	16	
13	18			13	9	7	6	2	1	5	10	18	
17	14			17	13	9	7	6	5	10	14	
17	15			17	13	9	7	6	8	11	15	
17	11			17	13	9	7	6	2	1	5	8	11	
18	16			18	10	5	1	2	4	7	9	12	16	
2	16			2	4	7	6	8	9	12	16	
13	10			13	17	16	22	21	15	11	10	
6	2			6	8	11	15	14	10	5	1	2	
5	20			5	1	2	6	8	11	15	20	
12	0			12	16	17	13	9	8	5	0	
2	7			2	1	0	5	10	8	6	7	
4	6			4	2	1	0	5	10	8	6	
19	8			19	20	21	16	17	13	9	8	
16	19			16	17	13	9	8	10	14	19	
19	16			19	18	10	5	8	9	12	16	
11	8			11	15	16	17	13	12	9	8	
8	9			8	5	1	2	3	4	7	9	
0	11			0	1	2	3	6	7	9	8	11	
15	3			15	16	17	13	9	7	4	3	
8	15			8	6	2	1	5	10	11	15	
18	9			18	10	14	15	20	21	16	12	9	
8	19			8	9	7	6	5	10	14	19	
20	9			20	15	14	10	5	1	2	4	7	9	
13	16			13	9	7	6	8	11	12	16	
13	15			13	9	7	6	2	1	5	8	11	15	
13	5			13	17	16	22	21	15	11	8	5	
8	5			8	9	13	17	16	12	11	10	5	
17	20			17	13	9	7	6	8	11	15	20	
16	23			16	12	11	10	8	9	13	17	23	
6	2			6	8	11	15	14	10	5	1	2	
10	9			10	14	19	20	15	11	8	9	
9	7			9	13	17	16	12	11	8	6	7	
20	9			20	15	14	10	5	1	2	4	7	9	
0	13			0	1	2	3	4	7	9	13	
2	12			2	4	7	6	5	8	9	12	
18	21			18	10	5	1	2	6	8	11	15	21	
21	22			21	20	19	18	10	11	12	16	22	
6	16			6	5	1	2	4	7	9	12	16	
5	19			5	1	2	6	8	10	14	19	
4	9			4	2	1	0	5	6	7	9	
4	0			4	3	2	6	7	9	8	5	0	
21	3			21	16	17	13	9	7	4	3	
17	16			17	13	9	7	6	8	11	12	16	
1	21			1	5	6	2	4	7	9	12	16	21	
20	9			20	15	14	10	5	1	2	4	7	9	
14	19			14	10	5	8	11	15	20	19	
17	12			17	23	22	21	20	15	11	12	
9	14			9	7	6	2	1	5	10	14	
20	22			20	19	18	10	11	12	16	22	
5	18			5	1	2	4	3	6	8	10	18	
8	22			8	5	1	2	4	7	9	12	16	22	
7	13			7	6	2	1	5	8	9	13	
10	4			10	14	15	11	8	6	2	4	
12	17			12	11	10	5	8	9	13	17	
10	0			10	14	19	20	15	11	8	5	0	
15	20			15	11	8	6	5	10	14	19	20	
0	1			0	5	10	14	15	11	8	6	2	1	
21	22			21	20	19	18	10	11	12	16	22	
22	17			22	21	20	19	14	15	16	17	
3	15			3	2	1	0	5	8	11	15	
13	0			13	17	16	12	9	8	5	0	
5	19			5	1	2	6	8	10	14	19	
18	3			18	19	20	15	11	8	6	3	
2	7			2	1	0	5	10	8	6	7	
17	12			17	23	22	21	20	15	11	12	
2	13			2	1	0	5	6	7	9	13	
17	6			17	16	22	21	15	11	8	6	
8	10			8	9	7	4	2	1	5	10	
23	9			23	22	21	15	14	10	8	9	
11	2			11	15	16	12	9	7	4	2	
6	11			6	2	4	7	9	13	12	11	
9	1			9	13	17	16	12	11	8	5	1	
10	2			10	14	19	20	15	11	8	6	2	
6	21			6	5	1	2	4	7	9	12	16	21	
2	0			2	4	3	6	7	9	8	5	0	
20	2			20	19	14	15	11	8	6	2	
0	3			0	1	5	10	14	15	11	8	6	3	
6	4			6	5	10	14	15	11	8	9	7	4	
20	9			20	15	14	10	5	1	2	4	7	9	
2	22			2	4	7	6	8	9	12	16	22	
20	4			20	15	14	10	5	1	2	4	
2	18			2	3	6	7	9	8	10	18	
18	20			18	10	5	1	2	6	8	11	15	20	
12	23			12	11	10	8	9	13	17	23	
9	6			9	13	17	16	12	11	8	6	
12	13			12	11	10	14	15	16	17	13	
0	10			0	1	2	4	3	6	5	10	
1	6			1	0	5	10	14	15	11	8	6	
9	10			9	7	4	2	3	6	5	10	
22	7			22	21	15	14	10	5	6	7	
9	8			9	13	17	16	22	21	15	11	8	
8	23			8	5	6	7	9	13	17	23	
19	8			19	20	21	16	17	13	9	8	
3	16			3	4	7	6	8	9	12	16	
22	9			22	21	15	14	19	18	10	8	9	
18	10			18	19	20	21	22	16	12	11	10	
8	23			8	5	6	7	9	13	17	23	
21	5			21	16	17	13	12	9	8	5	
10	15			10	5	1	2	6	8	11	15	
8	3			8	11	15	14	10	5	6	3	
14	20			14	10	5	1	2	6	8	11	15	20	
15	1			15	16	21	20	19	14	10	5	1	
9	13			9	7	6	2	1	5	8	11	12	13	
12	22			12	9	7	6	8	11	15	16	22	
6	1			6	7	9	13	12	11	8	5	1	
12	13			12	11	10	14	15	16	17	13	
3	2			3	4	7	9	12	11	8	6	2	
6	10			6	3	4	2	1	0	5	10	
6	0			6	7	4	3	2	1	5	0	
6	11			6	2	4	7	9	13	12	11	
8	17			8	5	1	2	4	7	9	13	17	
13	12			13	17	23	22	21	20	15	11	12	
19	17			19	14	10	5	8	9	13	17	
13	11			13	17	16	22	21	20	15	11	
6	12			6	5	1	2	4	7	9	12	
21	6			21	16	17	13	12	9	7	6	
20	21			20	19	18	10	5	8	11	15	21	
12	9			12	16	15	14	19	18	10	8	9	
15	21			15	11	8	5	10	14	19	20	21	
17	3			17	16	22	21	15	11	8	6	3	
7	9			7	6	2	1	0	5	8	9	
5	16			5	1	2	4	7	9	12	16	
13	19			13	9	7	6	5	10	14	19	
7	21			7	6	2	1	5	8	11	15	21	
2	0			2	4	3	6	7	9	8	5	0	
10	8			10	14	19	20	21	15	11	8	
0	4			0	5	10	14	15	11	8	6	2	4	
4	0			4	3	2	6	7	9	8	5	0	
0	14			0	1	2	3	6	5	10	14	
19	5			19	20	21	16	12	9	8	5	
21	17			21	20	19	14	10	8	9	13	17	
20	4			20	15	14	10	5	1	2	4	
17	18			17	13	9	7	6	5	10	18	
14	11			14	19	18	10	5	1	2	6	8	11	
18	1			18	19	20	15	11	8	5	1	
3	18			3	2	1	0	5	6	8	10	18	
0	2			0	5	10	14	15	11	8	6	2	
11	18			11	12	13	9	7	6	5	10	18	
11	1			11	12	16	15	14	10	5	1	
7	18			7	6	2	1	0	5	10	18	
14	6			14	19	20	21	15	11	8	6	
21	5			21	16	17	13	12	9	8	5	
0	13			0	1	2	3	4	7	9	13	
18	10			18	19	20	21	22	16	12	11	10	
0	8			0	1	2	4	3	6	7	9	8	
9	16			9	7	6	2	1	5	8	11	12	16	
14	8			14	19	20	21	16	12	9	8	
4	18			4	2	3	6	7	9	8	10	18	
13	8			13	17	16	22	21	15	11	8	
0	9			0	1	2	3	4	7	6	8	9	
7	1			7	9	13	12	11	8	5	1	
13	21			13	9	7	6	8	11	15	21	
9	6			9	13	17	16	12	11	8	6	
0	9			0	1	2	3	4	7	6	8	9	
3	10			3	4	2	1	0	5	6	8	10	
3	14			3	2	1	0	5	6	8	10	14	
1	23			1	5	6	7	9	13	17	23	
8	13			8	5	1	2	4	7	9	13	
7	0			7	4	3	2	6	8	5	0	
2	7			2	1	0	5	10	8	6	7	
12	13			12	11	10	14	15	16	17	13	
3	1			3	4	7	9	12	11	8	5	1	
15	6			15	16	17	13	12	9	7	6	
3	7			3	2	1	0	5	10	8	6	7	
6	15			6	2	4	7	9	8	11	15	
21	13			21	20	15	14	10	8	9	13	
20	15			20	19	18	10	5	8	11	15	
20	8			20	19	14	15	16	12	9	8	
5	12			5	1	2	3	4	7	9	12	
3	14			3	2	1	0	5	6	8	10	14	
17	4			17	16	21	15	11	8	6	2	4	
6	3			6	8	11	10	5	1	2	3	
12	17			12	11	10	5	8	9	13	17	
9	1			9	13	17	16	12	11	8	5	1	
1	7			1	0	5	10	14	15	11	8	6	7	
23	4			23	22	21	16	12	9	7	4	
0	3			0	1	5	10	14	15	11	8	6	3	
18	1			18	19	20	15	11	8	5	1	
0	4			0	5	10	14	15	11	8	6	2	4	
13	8			13	17	16	22	21	15	11	8	
21	23			21	20	19	14	15	16	17	23	
9	15			9	7	6	2	1	5	8	11	15	
15	8			15	16	17	13	12	9	7	6	8	
0	15			0	1	2	3	6	8	11	15	
16	10			16	17	13	9	7	6	5	10	
10	23			10	5	1	2	4	7	9	13	17	23	
23	17			23	22	21	20	19	14	15	16	17	
6	3			6	8	11	10	5	1	2	3	
5	15			5	1	2	4	3	6	8	11	15	
9	12			9	7	6	2	1	5	8	11	12	
8	12			8	5	1	2	4	7	9	12	
13	18			13	9	7	6	2	1	5	10	18	
19	21			19	18	10	5	8	11	15	21	
9	6			9	13	17	16	12	11	8	6	
13	21			13	9	7	6	8	11	15	21	
8	20			8	6	2	1	5	10	11	15	20	
14	21			14	10	5	1	2	6	8	11	15	21	
0	23			0	5	6	7	9	13	17	23	
21	14			21	22	23	17	13	9	8	10	14	
5	23			5	1	2	4	7	9	13	17	23	
13	6			13	17	16	22	21	15	11	8	6	
7	15			7	6	2	1	5	8	11	15	
0	4			0	5	10	14	15	11	8	6	2	4	
15	16			15	14	10	5	8	9	12	16	
23	1			23	17	16	12	9	8	5	1	
21	19			21	22	23	17	16	15	14	19	
12	0			12	16	17	13	9	8	5	0	
8	14			8	9	7	6	2	1	5	10	14	
10	22			10	5	1	2	4	7	9	12	16	22	
14	4			14	15	21	16	12	9	7	4	
21	16			21	20	19	18	10	11	12	16	
20	9			20	15	14	10	5	1	2	4	7	9	
12	10			12	13	17	16	22	21	15	11	10	
3	14			3	2	1	0	5	6	8	10	14	
18	4			18	10	14	15	11	8	6	2	4	
1	21			1	5	6	2	4	7	9	12	16	21	
0	14			0	1	2	3	6	5	10	14	
13	23			13	9	7	6	8	11	12	16	17	23	
4	7			4	2	1	0	5	10	8	6	7	
6	2			6	8	11	15	14	10	5	1	2	
8	19			8	9	7	6	5	10	14	19	
17	15			17	13	9	7	6	8	11	15	
22	9			22	21	15	14	19	18	10	8	9	
16	7			16	15	14	19	18	10	5	6	7	
23	20			23	17	13	9	8	11	15	20	
4	6			4	2	1	0	5	10	8	6	
17	4			17	16	21	15	11	8	6	2	4	
14	15			14	10	5	1	2	6	8	11	15	
11	16			11	8	5	1	2	4	7	9	12	16	
6	9			6	2	1	0	5	10	8	9	
13	7			13	17	16	21	15	11	8	6	7	
20	15			20	19	18	10	5	8	11	15	
13	12			13	17	23	22	21	20	15	11	12	
16	18			16	22	21	15	11	12	9	8	10	18	
17	0			17	16	22	21	15	11	8	5	0	
11	2			11	15	16	12	9	7	4	2	
3	0			3	4	7	9	12	11	8	5	0	
20	21			20	19	18	10	5	8	11	15	21	
12	17			12	11	10	5	8	9	13	17	
7	16			7	6	2	1	5	8	9	12	16	
10	4			10	14	15	11	8	6	2	4	
10	2			10	14	19	20	15	11	8	6	2	
20	0			20	21	16	12	9	8	5	0	
13	6			13	17	16	22	21	15	11	8	6	
1	3			1	0	5	10	14	15	11	8	6	3	
20	4			20	15	14	10	5	1	2	4	
14	5			14	15	16	21	20	19	18	10	5	
15	13			15	14	10	5	1	2	4	7	9	13	
2	6			2	1	0	5	10	14	15	11	8	6	
17	9			17	16	22	21	15	11	8	9	
6	0			6	7	4	3	2	1	5	0	
4	10			4	2	3	6	7	9	8	10	
11	23			11	10	5	8	9	13	17	23	
20	2			20	19	14	15	11	8	6	2	
17	14			17	13	9	7	6	5	10	14	
14	1			14	15	16	12	9	8	5	1	
15	10			15	21	22	16	17	13	9	8	10	
15	2			15	16	17	13	9	7	4	2	
23	16			23	17	13	9	7	6	8	11	12	16	
23	3			23	17	16	12	9	7	4	3	
12	20			12	9	7	6	8	11	15	20	
11	12			11	10	5	1	2	4	7	9	12	
15	14			15	16	22	21	20	19	18	10	14	
10	3			10	14	19	20	15	11	8	6	3	
17	21			17	13	9	7	6	8	11	15	21	
18	6			18	19	20	21	15	11	8	6	
16	18			16	22	21	15	11	12	9	8	10	18	
21	14			21	22	23	17	13	9	8	10	14	
6	7			6	5	0	1	2	3	4	7	
14	5			14	15	16	21	20	19	18	10	5	
6	12			6	5	1	2	4	7	9	12	
10	16			10	5	1	2	4	7	9	12	16	
15	17			15	11	10	5	8	9	13	17	
13	1			13	17	16	12	9	8	5	1	
12	8			12	16	17	13	9	7	6	8	
9	6			9	13	17	16	12	11	8	6	
0	8			0	1	2	4	3	6	7	9	8	
21	5			21	16	17	13	12	9	8	5	
21	20			21	22	23	17	13	12	11	15	20	
1	11			1	0	5	6	7	9	8	11	
18	15			18	10	5	1	2	6	8	11	15	
12	8			12	16	17	13	9	7	6	8	
4	10			4	2	3	6	7	9	8	10	
23	2			23	17	16	12	9	7	4	2	
11	21			11	8	6	5	10	14	15	21	
0	23			0	5	6	7	9	13	17	23	
1	0			1	2	4	3	6	7	9	8	5	0	
13	19			13	9	7	6	5	10	14	19	
22	8			22	16	17	13	12	9	7	6	8	
3	20			3	2	1	5	8	11	15	20	
13	8			13	17	16	22	21	15	11	8	
4	21			4	7	6	2	1	5	8	11	15	21	
3	2			3	4	7	9	12	11	8	6	2	
19	9			19	14	15	21	22	16	12	9	
21	15			21	22	23	17	13	12	11	15	
2	14			2	3	6	7	9	8	10	14	
15	18			15	16	22	21	20	19	14	10	18	
18	23			18	10	5	8	9	13	17	23	
13	0			13	17	16	12	9	8	5	0	
10	11			10	5	1	2	4	3	6	8	11	
12	6			12	16	17	13	9	7	4	2	6	
21	1			21	16	17	13	9	8	5	1	
11	5			11	12	16	17	13	9	8	5	
6	12			6	5	1	2	4	7	9	12	
2	23			2	4	7	6	8	9	13	17	23	
11	9			11	15	14	10	5	1	2	4	7	9	
13	18			13	9	7	6	2	1	5	10	18	
12	14			12	13	9	7	6	5	10	14	
20	19			20	21	22	23	17	16	15	14	19	
14	5			14	15	16	21	20	19	18	10	5	
19	12			19	14	10	5	1	2	4	7	9	12	
9	12			9	7	6	2	1	5	8	11	12	
13	16			13	9	7	6	8	11	12	16	
14	8			14	19	20	21	16	12	9	8	
9	21			9	7	6	2	1	5	8	11	15	21	
13	15			13	9	7	6	2	1	5	8	11	15	
2	5			2	4	3	6	7	9	8	5	
20	0			20	21	16	12	9	8	5	0	
21	11			21	22	16	17	13	9	8	11	
11	19			11	12	13	9	8	10	14	19	
12	6			12	16	17	13	9	7	4	2	6	
23	4			23	22	21	16	12	9	7	4	
10	13			10	14	19	20	15	11	12	13	
9	17			9	7	6	8	11	12	13	17	
0	20			0	1	2	6	8	11	15	20	
9	2			9	13	17	16	12	11	8	6	2	
7	17			7	6	2	1	5	8	9	13	17	
12	22			12	9	7	6	8	11	15	16	22	
3	21			3	6	5	1	2	4	7	9	12	16	21	
5	17			5	1	2	4	7	9	13	17	
13	3			13	17	16	12	9	7	4	3	
8	0			8	9	13	12	11	10	5	0	
4	3			4	7	9	13	12	11	8	6	3	
2	8			2	4	3	6	7	9	12	11	8	
23	0			23	17	16	12	9	8	5	0	
18	10			18	19	20	21	22	16	12	11	10	
21	3			21	16	17	13	9	7	4	3	
8	3			8	11	15	14	10	5	6	3	
7	1			7	9	13	12	11	8	5	1	
1	12			1	5	6	2	4	7	9	12	
18	7			18	10	14	15	11	8	6	7	
7	10			7	4	2	3	6	5	8	10	
6	1			6	7	9	13	12	11	8	5	1	
14	22			14	10	5	8	9	12	16	22	
7	13			7	6	2	1	5	8	9	13	
5	21			5	1	2	6	8	11	15	21	
20	16			20	19	18	10	5	8	9	12	16	
16	10			16	17	13	9	7	6	5	10	
17	23			17	13	9	8	11	12	16	22	23	
19	11			19	14	10	5	1	2	6	8	11	
20	6			20	19	14	15	16	12	9	7	6	
7	0			7	4	3	2	6	8	5	0	
20	5			20	21	16	17	13	9	8	5	
1	8			1	0	5	6	7	9	12	11	8	
18	21			18	10	5	1	2	6	8	11	15	21	
7	5			7	4	2	3	6	8	11	10	5	
17	12			17	23	22	21	20	15	11	12	
23	1			23	17	16	12	9	8	5	1	
19	5			19	20	21	16	12	9	8	5	
8	23			8	5	6	7	9	13	17	23	
22	18			22	16	17	13	9	8	10	18	
13	21			13	9	7	6	8	11	15	21	
20	22			20	19	18	10	11	12	16	22	
12	18			12	13	9	7	6	5	10	18	
13	18			13	9	7	6	2	1	5	10	18	
11	4			11	15	14	10	5	1	2	4	
9	1			9	13	17	16	12	11	8	5	1	
3	11			3	2	1	0	5	6	8	11	
7	21			7	6	2	1	5	8	11	15	21	
3	22			3	4	7	6	8	9	12	16	22	
15	19			15	11	12	13	9	8	10	14	19	
22	5			22	16	17	13	12	9	8	5	
14	19			14	10	5	8	11	15	20	19	
17	5			17	16	22	21	15	11	8	5	
13	0			13	17	16	12	9	8	5	0	
15	13			15	14	10	5	1	2	4	7	9	13	
0	1			0	5	10	14	15	11	8	6	2	1	
10	3			10	14	19	20	15	11	8	6	3	
10	6			10	14	19	20	15	11	8	6	
11	10			11	12	13	17	16	15	14	10	
6	19			6	2	4	7	9	8	10	14	19	
0	16			0	5	6	2	4	7	9	12	16	
19	16			19	18	10	5	8	9	12	16	
4	2			4	7	9	13	12	11	8	6	2	
6	18			6	2	4	7	9	8	10	18	
18	17			18	10	5	1	2	4	7	9	13	17	
21	20			21	22	23	17	13	12	11	15	20	
13	8			13	17	16	22	21	15	11	8	
11	21			11	8	6	5	10	14	15	21	
19	14			19	18	10	5	8	11	15	14	
21	1			21	16	17	13	9	8	5	1	
23	4			23	22	21	16	12	9	7	4	
14	22			14	10	5	8	9	12	16	22	
19	15			19	18	10	5	1	2	6	8	11	15	
10	5			10	14	19	20	15	11	8	5	
12	20			12	9	7	6	8	11	15	20	
18	13			18	10	14	15	20	21	16	12	13	
1	17			1	5	6	2	4	7	9	13	17	
6	16			6	5	1	2	4	7	9	12	16	
9	0			9	13	17	16	12	11	8	5	0	
19	16			19	18	10	5	8	9	12	16	
14	3			14	19	20	15	11	8	6	3	
5	21			5	1	2	6	8	11	15	21	
20	17			20	19	14	10	8	9	13	17	
5	8			5	1	2	4	3	6	7	9	8	
4	18			4	2	3	6	7	9	8	10	18	
9	12			9	7	6	2	1	5	8	11	12	
17	8			17	16	22	21	20	15	11	8	
9	22			9	7	6	8	11	12	16	22	
11	22			11	8	5	10	14	15	16	22	
7	9			7	6	2	1	0	5	8	9	
10	6			10	14	19	20	15	11	8	6	
13	12			13	17	23	22	21	20	15	11	12	
0	22			0	5	6	7	9	12	16	22	
9	19			9	7	6	2	1	5	10	14	19	
23	2			23	17	16	12	9	7	4	2	
22	11			22	16	17	13	9	7	6	8	11	
15	17			15	11	10	5	8	9	13	17	
18	9			18	10	14	15	20	21	16	12	9	
7	9			7	6	2	1	0	5	8	9	
17	0			17	16	22	21	15	11	8	5	0	
16	4			16	15	14	10	5	1	2	4	
13	12			13	17	23	22	21	20	15	11	12	
11	19			11	12	13	9	8	10	14	19	
13	4			13	17	16	15	11	8	6	2	4	
13	0			13	17	16	12	9	8	5	0	
19	23			19	14	10	8	9	13	17	23	
23	18			23	22	16	12	13	9	8	10	18	
23	17			23	22	21	20	19	14	15	16	17	
1	20			1	0	5	6	8	11	15	20	
8	4			8	10	14	15	11	12	9	7	4	
14	0			14	15	16	12	9	8	5	0	
10	22			10	5	1	2	4	7	9	12	16	22	
20	5			20	21	16	17	13	9	8	5	
13	18			13	9	7	6	2	1	5	10	18	
11	9			11	15	14	10	5	1	2	4	7	9	
7	9			7	6	2	1	0	5	8	9	
16	5			16	17	13	12	9	7	6	5	
1	19			1	2	3	6	5	10	14	19	
14	4			14	15	21	16	12	9	7	4	
5	11			5	1	2	4	3	6	8	11	
19	20			19	18	10	5	8	11	15	20	
4	23			4	7	6	8	9	13	17	23	
13	17			13	9	7	6	8	11	12	16	17	
18	5			18	19	20	21	15	11	8	5	
21	5			21	16	17	13	12	9	8	5	
21	14			21	22	23	17	13	9	8	10	14	
7	9			7	6	2	1	0	5	8	9	
6	9			6	2	1	0	5	10	8	9	
17	4			17	16	21	15	11	8	6	2	4	
6	10			6	3	4	2	1	0	5	10	
0	3			0	1	5	10	14	15	11	8	6	3	
21	6			21	16	17	13	12	9	7	6	
1	11			1	0	5	6	7	9	8	11	
21	0			21	16	17	13	9	8	5	0	
17	4			17	16	21	15	11	8	6	2	4	
8	13			8	5	1	2	4	7	9	13	
22	0			22	16	17	13	9	8	5	0	
18	15			18	10	5	1	2	6	8	11	15	
7	2			7	9	13	12	11	8	6	2	
1	6			1	0	5	10	14	15	11	8	6	
8	13			8	5	1	2	4	7	9	13	
14	0			14	15	16	12	9	8	5	0	
5	19			5	1	2	6	8	10	14	19	
14	10			14	15	21	22	16	12	11	10	
1	6			1	0	5	10	14	15	11	8	6	
0	15			0	1	2	3	6	8	11	15	
19	16			19	18	10	5	8	9	12	16	
15	19			15	11	12	13	9	8	10	14	19	
21	11			21	22	16	17	13	9	8	11	
19	21			19	18	10	5	8	11	15	21	
6	1			6	7	9	13	12	11	8	5	1	
3	23			3	4	7	6	8	9	13	17	23	
1	23			1	5	6	7	9	13	17	23	
3	7			3	2	1	0	5	10	8	6	7	
13	23			13	9	7	6	8	11	12	16	17	23	
6	2			6	8	11	15	14	10	5	1	2	
2	15			2	1	0	5	6	8	11	15	
14	19			14	10	5	8	11	15	20	19	
9	17			9	7	6	8	11	12	13	17	
4	18			4	2	3	6	7	9	8	10	18	
9	17			9	7	6	8	11	12	13	17	
22	3			22	16	17	13	9	7	4	3	
11	8			11	15	16	17	13	12	9	8	
12	16			12	9	7	6	8	11	15	16	
15	21			15	11	8	5	10	14	19	20	21	
19	5			19	20	21	16	12	9	8	5	
15	11			15	21	22	16	17	13	12	11	
15	20			15	11	8	6	5	10	14	19	20	
20	3			20	19	14	15	11	8	6	3	
22	18			22	16	17	13	9	8	10	18	
0	13			0	1	2	3	4	7	9	13	
20	16			20	19	18	10	5	8	9	12	16	
9	10			9	7	4	2	3	6	5	10	
1	10			1	2	4	3	6	7	9	8	10	
7	16			7	6	2	1	5	8	9	12	16	
13	10			13	17	16	22	21	15	11	10	
5	8			5	1	2	4	3	6	7	9	8	
11	19			11	12	13	9	8	10	14	19	
22	14			22	23	17	13	9	8	10	14	
8	2			8	11	15	14	10	5	1	2	
23	14			23	17	13	9	7	6	5	10	14	
3	0			3	4	7	9	12	11	8	5	0	
15	4			15	14	10	11	8	6	2	4	
14	23			14	10	5	8	9	13	17	23	
17	0			17	16	22	21	15	11	8	5	0	
9	21			9	7	6	2	1	5	8	11	15	21	
11	19			11	12	13	9	8	10	14	19	
16	12			16	21	20	15	14	10	11	12	
4	16			4	7	6	2	1	5	8	9	12	16	
22	5			22	16	17	13	12	9	8	5	
1	18			1	2	3	6	7	9	8	10	18	
23	9			23	22	21	15	14	10	8	9	
20	23			20	19	14	10	8	9	13	17	23	
1	4			1	0	5	10	8	6	2	4	
20	4			20	15	14	10	5	1	2	4	
11	17			11	10	5	1	2	4	7	9	13	17	
6	2			6	8	11	15	14	10	5	1	2	
16	1			16	17	13	12	9	8	5	1	
23	0			23	17	16	12	9	8	5	0	
3	1			3	4	7	9	12	11	8	5	1	
12	0			12	16	17	13	9	8	5	0	
16	21			16	12	9	7	6	8	11	15	21	
1	8			1	0	5	6	7	9	12	11	8	
7	6			7	4	2	1	0	5	10	8	6	
1	7			1	0	5	10	14	15	11	8	6	7	
13	15			13	9	7	6	2	1	5	8	11	15	
3	0			3	4	7	9	12	11	8	5	0	
0	10			0	1	2	4	3	6	5	10	
10	15			10	5	1	2	6	8	11	15	
15	23			15	14	10	8	9	13	17	23	
3	21			3	6	5	1	2	4	7	9	12	16	21	
4	21			4	7	6	2	1	5	8	11	15	21	
21	2			21	16	17	13	9	7	4	2	
18	2			18	19	20	15	11	8	6	2	
5	19			5	1	2	6	8	10	14	19	
3	19			3	2	1	0	5	10	14	19	
6	18			6	2	4	7	9	8	10	18	
0	5			0	1	2	4	3	6	7	9	8	5	
15	1			15	16	21	20	19	14	10	5	1	
7	22			7	6	2	1	5	8	9	12	16	22	
14	16			14	10	5	1	2	4	7	9	12	16	
16	11			16	17	13	9	7	6	8	11	
11	6			11	15	16	17	13	9	7	6	
13	4			13	17	16	15	11	8	6	2	4	
16	11			16	17	13	9	7	6	8	11	
21	1			21	16	17	13	9	8	5	1	
16	3			16	17	13	12	9	7	4	3	
14	3			14	19	20	15	11	8	6	3	
14	4			14	15	21	16	12	9	7	4	
17	19			17	13	9	7	6	5	10	14	19	
22	11			22	16	17	13	9	7	6	8	11	
15	6			15	16	17	13	12	9	7	6	
16	21			16	12	9	7	6	8	11	15	21	
10	9			10	14	19	20	15	11	8	9	
23	5			23	17	16	21	15	11	8	5	
5	17			5	1	2	4	7	9	13	17	
1	7			1	0	5	10	14	15	11	8	6	7	
17	13			17	23	22	21	20	15	11	12	13	
2	0			2	4	3	6	7	9	8	5	0	
9	1			9	13	17	16	12	11	8	5	1	
0	1			0	5	10	14	15	11	8	6	2	1	
7	18			7	6	2	1	0	5	10	18	
9	18			9	7	6	2	1	5	10	18	
21	3			21	16	17	13	9	7	4	3	
14	22			14	10	5	8	9	12	16	22	
12	7			12	16	15	14	10	5	6	7	
13	11			13	17	16	22	21	20	15	11	
18	11			18	19	14	10	5	1	2	6	8	11	
16	1			16	17	13	12	9	8	5	1	
5	22			5	1	2	4	7	9	12	16	22	
14	2			14	19	20	15	11	8	6	2	
17	23			17	13	9	8	11	12	16	22	23	
14	12			14	10	5	1	2	4	7	9	12	
5	12			5	1	2	3	4	7	9	12	
18	9			18	10	14	15	20	21	16	12	9	
18	16			18	10	5	1	2	4	7	9	12	16	
11	7			11	15	14	10	5	1	2	4	7	
22	5			22	16	17	13	12	9	8	5	
12	13			12	11	10	14	15	16	17	13	
1	18			1	2	3	6	7	9	8	10	18	
11	6			11	15	16	17	13	9	7	6	
0	21			0	5	6	2	4	7	9	12	16	21	
0	17			0	5	6	2	4	7	9	13	17	
20	9			20	15	14	10	5	1	2	4	7	9	
10	1			10	14	19	20	15	11	8	5	1	
9	17			9	7	6	8	11	12	13	17	
10	13			10	14	19	20	15	11	12	13	
15	11			15	21	22	16	17	13	12	11	
17	6			17	16	22	21	15	11	8	6	
10	2			10	14	19	20	15	11	8	6	2	
23	22			23	17	13	9	8	11	12	16	22	
19	23			19	14	10	8	9	13	17	23	
7	4			7	9	13	12	11	8	6	2	4	
2	12			2	4	7	6	5	8	9	12	
7	5			7	4	2	3	6	8	11	10	5	
13	7			13	17	16	21	15	11	8	6	7	
11	13			11	10	14	19	20	15	16	12	13	
6	22			6	5	1	2	4	7	9	12	16	22	
16	14			16	12	13	9	7	6	5	10	14	
11	23			11	10	5	8	9	13	17	23	
9	13			9	7	6	2	1	5	8	11	12	13	
2	5			2	4	3	6	7	9	8	5	
11	13			11	10	14	19	20	15	16	12	13	
0	2			0	5	10	14	15	11	8	6	2	
7	19			7	6	2	1	5	10	14	19	
2	7			2	1	0	5	10	8	6	7	
17	11			17	13	9	7	6	2	1	5	8	11	
5	22			5	1	2	4	7	9	12	16	22	
12	3			12	16	17	13	9	7	4	3	
16	5			16	17	13	12	9	7	6	5	
20	15			20	19	18	10	5	8	11	15	
4	0			4	3	2	6	7	9	8	5	0	
5	19			5	1	2	6	8	10	14	19	
13	6			13	17	16	22	21	15	11	8	6	
8	10			8	9	7	4	2	1	5	10	
1	10			1	2	4	3	6	7	9	8	10	
3	13			3	2	1	0	5	8	9	13	
21	7			21	15	14	19	18	10	5	6	7	
12	14			12	13	9	7	6	5	10	14	
9	22			9	7	6	8	11	12	16	22	
17	4			17	16	21	15	11	8	6	2	4	
7	21			7	6	2	1	5	8	11	15	21	
9	13			9	7	6	2	1	5	8	11	12	13	
6	2			6	8	11	15	14	10	5	1	2	
9	21			9	7	6	2	1	5	8	11	15	21	
13	11			13	17	16	22	21	20	15	11	
5	3			5	0	1	2	4	7	6	3	
19	17			19	14	10	5	8	9	13	17	
5	14			5	1	2	4	3	6	8	10	14	
12	19			12	13	9	7	6	5	10	14	19	
20	12			20	15	14	10	5	8	9	12	
3	21			3	6	5	1	2	4	7	9	12	16	21	
19	9			19	14	15	21	22	16	12	9	
9	13			9	7	6	2	1	5	8	11	12	13	
1	0			1	2	4	3	6	7	9	8	5	0	
10	6			10	14	19	20	15	11	8	6	
16	6			16	17	13	12	9	7	4	2	6	
23	7			23	22	21	15	11	8	6	7	
3	4			3	6	5	10	8	9	7	4	
9	2			9	13	17	16	12	11	8	6	2	
17	7			17	16	22	21	15	11	8	6	7	
9	3			9	13	17	16	12	11	8	6	3	
20	13			20	15	14	10	5	8	9	13	
5	4			5	10	14	15	11	8	6	2	4	
17	0			17	16	22	21	15	11	8	5	0	
19	6			19	20	21	16	12	9	7	6	
17	10			17	13	9	7	4	2	1	5	10	
10	22			10	5	1	2	4	7	9	12	16	22	
20	23			20	19	14	10	8	9	13	17	23	
16	6			16	17	13	12	9	7	4	2	6	
14	15			14	10	5	1	2	6	8	11	15	
0	15			0	1	2	3	6	8	11	15	
6	17			6	5	1	2	4	7	9	13	17	
19	4			19	14	15	11	8	6	2	4	
2	5			2	4	3	6	7	9	8	5	
15	18			15	16	22	21	20	19	14	10	18	
22	3			22	16	17	13	9	7	4	3	
20	12			20	15	14	10	5	8	9	12	
5	16			5	1	2	4	7	9	12	16	
1	23			1	5	6	7	9	13	17	23	
16	1			16	17	13	12	9	8	5	1	
1	14			1	2	3	6	7	9	8	10	14	
2	3			2	1	0	5	10	8	6	3	
15	4			15	14	10	11	8	6	2	4	
9	0			9	13	17	16	12	11	8	5	0	
16	7			16	15	14	19	18	10	5	6	7	
13	17			13	9	7	6	8	11	12	16	17	
20	1			20	21	16	12	9	8	5	1	
19	14			19	18	10	5	8	11	15	14	
18	6			18	19	20	21	15	11	8	6	
23	2			23	17	16	12	9	7	4	2	
14	17			14	10	5	1	2	4	7	9	13	17	
10	11			10	5	1	2	4	3	6	8	11	
13	17			13	9	7	6	8	11	12	16	17	
21	2			21	16	17	13	9	7	4	2	
21	18			21	22	16	17	13	9	8	10	18	
19	1			19	20	21	15	11	8	5	1	
10	3			10	14	19	20	15	11	8	6	3	
7	6			7	4	2	1	0	5	10	8	6	
5	12			5	1	2	3	4	7	9	12	
11	18			11	12	13	9	7	6	5	10	18	
18	15			18	10	5	1	2	6	8	11	15	
3	9			3	2	1	0	5	6	7	9	
20	23			20	19	14	10	8	9	13	17	23	
4	18			4	2	3	6	7	9	8	10	18	
19	11			19	14	10	5	1	2	6	8	11	
17	8			17	16	22	21	20	15	11	8	
15	16			15	14	10	5	8	9	12	16	
1	23			1	5	6	7	9	13	17	23	
9	6			9	13	17	16	12	11	8	6	
7	14			7	6	2	1	0	5	10	14	
16	21			16	12	9	7	6	8	11	15	21	
17	20			17	13	9	7	6	8	11	15	20	
SFC Num: 976
